0	393.3936483437153
1000	356.75262824627305
2000	363.5686730118947
3000	377.4653949277449
4000	371.62838936450896
5000	360.7311698765135
6000	367.9366166681629
7000	365.8004396623452
8000	360.84688365685855
9000	367.57438222534813
10000	359.22387211169263
11000	364.8948535553082
12000	370.1200853929023
13000	364.56884255677494
14000	355.33186426501265
15000	363.957068831133
16000	363.8936778036386
17000	360.6144498893863
18000	367.25843329466915
19000	354.9223381032763
20000	348.3990995122638
21000	363.9932922754145
22000	362.2243807463405
23000	369.92991231042635
24000	372.2089706797984
25000	355.4455656317861
26000	359.71490102306416
27000	377.8386976452035
28000	368.6117814212956
29000	381.37148966942243
30000	367.54922705571045
31000	373.9195222153106
32000	373.35000917466493
33000	381.98829442899336
34000	360.84185262292954
35000	366.2331085801513
36000	371.31042802026207
37000	369.90676955435663
38000	366.8217395497235
39000	375.7347192565204
40000	373.24435746217426
41000	370.39981087929976
42000	345.9127625450572
43000	377.0025398063721
44000	378.203950708372
45000	384.11642178052836
46000	376.5668522682086
47000	374.63594144665376
48000	385.61164506392333
49000	370.27302882431457
50000	373.29064297431006
51000	361.55726564749057
52000	368.50612970880854
53000	365.6696327802168
54000	366.5349706158291
55000	373.28259332002733
56000	372.50982650869037
57000	364.6704694421224
58000	363.84135505078797
59000	367.16888089075127
60000	376.14726403861783
61000	357.8453688154285
62000	366.93946574363645
63000	368.85327104983634
64000	368.97300965732455
65000	358.0224612096927
66000	373.51804570785697
67000	354.8881270725627
68000	370.77814463068
69000	382.1502937214779
70000	359.1413631552753
71000	373.01292990148784
72000	367.796753924966
73000	370.81034324782195
74000	357.14303647908656
75000	362.9166510148281
76000	358.86666870280686
77000	362.1237600677788
78000	382.5648509171433
79000	367.26245812181236
80000	357.530426091539
81000	360.4232706001246
82000	366.99178849648706
83000	369.4791316704795
84000	366.16368031194577
85000	376.996502565661
86000	375.58580065225493
87000	372.27839894800394
88000	389.5227708395335
89000	392.8070297877111
90000	367.06322917826424
91000	378.99382303506394
92000	380.1318429095731
93000	364.6241839299829
94000	381.0414538437533
95000	371.07799425278984
96000	366.6476657758167
97000	382.0013751172088
98000	381.49324069048225
99000	361.93962422601766
100000	371.1927018263491
101000	374.07548426707666
102000	357.9932812129118
103000	354.6204760675985
104000	371.97653691232256
105000	370.265985376814
106000	365.6032231323686
107000	362.54435450415536
108000	379.7675960531904
109000	388.9633198667385
110000	379.4274981596559
111000	370.4078605335825
112000	385.1679078714734
113000	366.49874717154756
114000	394.26602962682455
115000	396.78456521116937
116000	371.08604390707626
117000	370.57690327356397
118000	393.6351379722597
119000	375.3111061997865
120000	375.02433726589567
121000	385.0954609829104
122000	378.9143326990004
123000	378.26633552908066
124000	382.72081296890934
125000	370.5557729310658
126000	355.224200138954
127000	371.47645213988244
128000	373.73438016675635
129000	390.5994121001198
130000	344.93271713588933
131000	357.82926950685936
132000	357.26478750014275
133000	366.71407542366484
134000	369.8222481843677
135000	358.5688314942723
136000	353.21782380847884
137000	359.27720107132905
138000	363.21247580979474
139000	364.5044453224984
140000	361.97987249744233
141000	370.1271288403992
142000	366.7291685254482
143000	354.0147395826677
144000	376.3374371210938
145000	368.95892276232706
146000	369.80313025544115
147000	362.70836621020777
148000	355.4063235671472
149000	376.23279161539256
150000	355.3902242585781
151000	378.1325100265949
152000	362.6379317352201
153000	362.9810482491047
154000	379.04312716756084
155000	369.1390337769486
156000	365.92017826982976
157000	363.6823743786645
158000	370.03556402290974
159000	367.91649253245055
160000	367.04310504255557
161000	367.79876633853394
162000	363.90474607828236
163000	371.7360534905676
164000	367.48482982143025
165000	372.2230575747996
166000	365.14942387206435
167000	382.2448771593211
168000	380.06643946851074
169000	367.94667873601725
170000	369.18129446194126
171000	369.6270440679591
172000	365.60121071879337
173000	366.1988975494378
174000	366.4987471715439
175000	359.9775209941031
176000	361.73133942139737
177000	369.5898144168955
178000	374.374327682397
179000	384.16069487909624
180000	382.44712472322664
181000	355.15275945717684
182000	384.63461827510923
183000	376.5487405460715
184000	375.31814964728704
185000	380.8200883509212
186000	375.2064606940852
187000	372.38203824692306
188000	359.61729896486355
189000	353.6887285841344
190000	381.42180000870513
191000	360.33472440298885
192000	353.0065203835048
193000	363.97417434649157
194000	360.243159585503
195000	369.5223985622579
196000	380.642995956657
197000	378.18282036587755
198000	373.2584443571718
199000	360.29850095871103
200000	366.6154671586748
201000	377.61129491165667
202000	372.928408531499
203000	362.50511243952013
204000	392.9207311544845
205000	372.4685720304799
206000	378.0359141751764
207000	371.1574845888534
208000	389.4885598088236
209000	376.8012984492524
210000	368.2747021481222
211000	381.5455634433329
212000	376.55276537321106
213000	382.08086545326864
214000	372.3921003147774
215000	389.21487156314095
216000	386.2978780916998
217000	372.91935267043044
218000	368.16603181527773
219000	365.6525272648619
220000	385.76458849533196
221000	367.46772430607166
222000	379.87224155889163
223000	366.01778032803037
224000	372.6879251097404
225000	376.6815598417678
226000	385.06728719291533
227000	371.66763142914783
228000	384.6929782686746
229000	376.01343853613207
230000	367.8722194338827
231000	380.4105621891848
232000	373.97285117494704
233000	364.9270521724465
234000	377.7088969698573
235000	382.1251385518365
236000	376.4853495185771
237000	370.69462946747694
238000	388.28513649324844
239000	396.6316217797571
240000	377.3949604527536
241000	393.2910152515857
242000	383.2007736056371
243000	386.5433925473874
244000	384.7684437775913
245000	393.8031745054517
246000	380.7808462862823
247000	380.5906732038064
248000	393.23668008516347
249000	363.21951925729167
250000	378.77849478294667
251000	370.9673115063738
252000	363.9701495193447
253000	348.8639670472082
254000	371.8145376198417
255000	359.4945417370179
256000	371.443247315962
257000	362.5151745073781
258000	368.8874820805499
259000	377.2772342588369
260000	362.85325998733737
261000	352.51046043820423
262000	375.0011945098223
263000	361.0088829493394
264000	371.4673962788139
265000	364.5225570446391
266000	361.2141491336023
267000	368.50311108845113
268000	355.66592491783234
269000	366.67583956581177
270000	362.8703655026923
271000	370.89587082459667
272000	368.8643393244801
273000	377.40804114096534
274000	352.9582224577937
275000	369.44089581262637
276000	367.97686493958395
277000	365.1655231806335
278000	370.81638048853677
279000	369.8463971472196
280000	354.6305381354565
281000	359.7953975659135
282000	366.5128340665451
283000	368.28878904311966
284000	364.51651980392427
285000	374.4558304320322
286000	366.38303339120256
287000	395.56202396667135
288000	371.89604036947685
289000	380.7023621570082
290000	371.560973509875
291000	366.6617526708106
292000	372.617490634749
293000	366.4866726901216
294000	362.0714373149282
295000	362.1066545524275
296000	365.99765619231806
297000	364.34143982322803
298000	383.72701975450434
299000	365.8960293069742
300000	375.59686892689507
301000	362.89350825876204
302000	360.6587229879542
303000	371.9694934648256
304000	373.5462194978557
305000	371.2953349184751
306000	387.92390825721947
307000	382.7540177928334
308000	382.10602062291
309000	360.8760636536431
310000	363.68539299902193
311000	355.57536630712866
312000	393.08172424017954
313000	372.5883106379681
314000	378.8921961497165
315000	368.27973318205113
316000	374.58060007344574
317000	372.7201237268786
318000	367.247365020029
319000	371.8759162337645
320000	379.8390367349639
321000	387.40571176263865
322000	381.922890987931
323000	378.58027204618435
324000	374.53934559523526
325000	389.7843846037866
326000	385.93564364888505
327000	360.2391347583598
328000	360.2733457890697
329000	358.10295775254207
330000	353.45528860988003
331000	362.4910255445226
332000	353.81349822555165
333000	355.89332765137556
334000	363.184302019796
335000	369.93594955114116
336000	374.24553321384025
337000	375.02936829982104
338000	367.4385443092944
339000	364.66342599462183
340000	377.9996907308986
341000	362.3421069402535
342000	379.2765671418152
343000	364.0013419296972
344000	371.683730737717
345000	377.27824046562273
346000	369.6743357868844
347000	368.9649600030382
348000	374.5232462866661
349000	379.18701473790094
350000	362.2495359159818
351000	374.517209045955
352000	366.41321959476926
353000	369.56264683368255
354000	379.6518822728417
355000	363.0846875480238
356000	368.45682557631534
357000	383.9534162812654
358000	363.8212309150793
359000	369.5254171826189
360000	368.6469986587913
361000	372.5933416718971
362000	370.1744205593245
363000	380.3753449516891
364000	359.241983833837
365000	373.0068926607767
366000	352.9159617727974
367000	350.3410786084624
368000	362.2767034991911
369000	368.1358456117074
370000	373.8551249810304
371000	375.8011289043722
372000	378.02585210732207
373000	385.280603031461
374000	384.2039617708747
375000	389.5620129041687
376000	378.9082954582929
377000	377.62035077272884
378000	382.9733708720939
379000	377.99566590375537
380000	376.3374371210974
381000	365.00956112886377
382000	385.6901291932011
383000	376.74897569640177
384000	381.6763703254613
385000	371.22087561634413
386000	372.150610686233
387000	386.09663673458004
388000	363.4650337129793
389000	367.79675392496233
390000	372.9857623182786
391000	379.626727103204
392000	371.9061024373312
393000	369.36341789013807
394000	365.1001197395675
395000	379.4476222953682
396000	369.86551507614615
397000	373.78066567889584
398000	353.8406658087646
399000	375.0535172626729
400000	378.2794162172924
401000	378.65372514153677
402000	363.81217505400707
403000	374.61179248379824
404000	362.22236833276526
405000	368.253571805624
406000	370.3645936418004
407000	364.80831977174404
408000	373.60961052534645
409000	370.6825549860473
410000	357.1048006212335
411000	367.75248082639814
412000	369.52038614868627
413000	389.07299640636876
414000	360.20089890050673
415000	363.2476930472904
416000	361.04510639362087
417000	384.6939844754604
418000	350.85122544875685
419000	363.88965297649537
420000	366.9354409164933
421000	370.64834395533745
422000	353.99964648088434
423000	355.88729041066074
424000	372.97469404363477
425000	356.4759213802366
426000	365.2339452420569
427000	367.2302595046741
428000	369.4539765008381
429000	365.0779831902872
430000	375.77194890758767
431000	356.9589006373218
432000	366.60238647046305
433000	358.0888708575445
434000	358.92301628280063
435000	374.88246210912354
436000	384.37300451085247
437000	358.0284984504075
438000	360.7945609040116
439000	346.5949707456905
440000	352.0315060082623
441000	362.67918621342693
442000	372.9857623182749
443000	359.8467141119784
444000	364.95925078958476
445000	368.5151855698771
446000	362.3310386656097
447000	380.29887323598297
448000	369.5314544233301
449000	339.53542393795647
450000	368.7657310594937
451000	388.31129786967557
452000	357.3241537004903
453000	384.9545920329314
454000	369.8735647304325
455000	363.2154944301485
456000	361.9788662906529
457000	381.42079380191933
458000	354.84284776721637
459000	363.71155437544905
460000	370.81436807496516
461000	356.6872248052107
462000	374.8220897019865
463000	388.9281026292465
464000	389.90714183162856
465000	383.37887220668705
466000	357.7860026150773
467000	372.5651678818984
468000	383.1243018899309
469000	382.18450475218776
470000	376.0184695700611
471000	368.1338331981358
472000	369.0806737833832
473000	372.850930609007
474000	385.8269733160406
475000	382.03055511398964
476000	372.33374032121196
477000	378.67787410438865
478000	370.3253515771652
479000	368.58662625165425
480000	369.2658158319301
481000	359.5840941409358
482000	387.5828041569028
483000	368.7405758898487
484000	383.8336776737772
485000	380.12178084171876
486000	367.50696637071417
487000	373.6357719017736
488000	362.5352986430868
489000	378.75233340652323
490000	371.8819534744793
491000	371.01460322529545
492000	359.5790631070105
493000	384.9012630732913
494000	374.2334587324143
495000	382.94419087530935
496000	379.3812126475201
497000	376.6815598417678
498000	362.60472691129604
499000	358.8958486995914
500000	376.3857350468012
501000	372.32669687371504
502000	370.22171227824975
503000	374.8200772884149
504000	362.2062690241961
505000	373.5673498403502
506000	391.5231099292902
507000	376.23379782217836
508000	375.5676889301142
509000	369.27185307264494
510000	375.4690806651241
511000	363.4026488922707
512000	378.15867140301833
513000	378.46657067941095
514000	380.05738360743857
515000	368.9468482808974
516000	389.6716894437953
517000	364.9411390674477
518000	375.20344207372784
519000	378.58731549368497
520000	372.61245960082
521000	373.48282847036126
522000	375.4559999769124
523000	359.04979833778583
524000	379.55528642142684
525000	346.1482149328868
526000	382.6383040124884
527000	376.3012136768123
528000	372.72817338116505
529000	357.0061923562434
530000	376.730863974261
531000	384.52997276940795
532000	368.1086780284981
533000	376.1160716282617
534000	365.8608120694785
535000	374.6943014402192
536000	370.4511274253646
537000	356.2223572702663
538000	383.96951558983085
539000	373.23530160110573
540000	363.44390337048117
541000	361.6156256410523
542000	366.4021513201291
543000	359.8769003155487
544000	365.9423148191137
545000	364.4350170542891
546000	371.93327002054775
547000	367.50193533678515
548000	373.43754916500757
549000	376.5366660646419
550000	377.40804114096534
551000	372.6426458043867
552000	371.438216282033
553000	378.7543458200948
554000	354.88913327935217
555000	361.23628568288257
556000	371.1051618359991
557000	386.20933189456406
558000	379.33995816930957
559000	368.4024904098931
560000	369.31713237799863
561000	371.5207252384503
562000	365.91313482232914
563000	371.5217314452361
564000	368.82710967341285
565000	375.8393647622253
566000	390.7473244975995
567000	359.4492624316679
568000	362.23343660740903
569000	370.8083308342467
570000	365.2389762759823
571000	363.61093369688734
572000	378.3689686212103
573000	376.23178540860675
574000	376.00538888184934
575000	360.76638711401284
576000	368.26765870062155
577000	368.8884882873357
578000	383.30944393848154
579000	361.06221190897946
580000	374.02819254815506
581000	366.42630028298464
582000	376.25694057824444
583000	376.1935495507537
584000	382.6211984971371
585000	393.4862193679906
586000	378.46556447262515
587000	374.1499435692112
588000	387.3574138369312
589000	372.4715906508373
590000	376.858652236032
591000	370.10499229111895
592000	384.99987133828137
593000	377.65355559665295
594000	370.793237732467
595000	377.3396190795492
596000	376.2881329886006
597000	381.9711889136421
598000	357.0534840751687
599000	353.0548183092122
600000	378.32872034978925
601000	376.45013228108144
602000	363.71457299580277
603000	386.841229755922
604000	387.1833400630244
605000	380.12580566885833
606000	370.3374260585911
607000	370.7217970506899
608000	383.0246874181587
609000	372.2150079205132
610000	376.9783908435166
611000	370.4008170860819
612000	379.9638063763811
613000	378.0459762430344
614000	380.8422249002051
615000	379.1829899107541
616000	364.86164873138415
617000	390.41628246513716
618000	367.97485252601234
619000	391.46575614251424
620000	385.14074028826775
621000	372.54101891904287
622000	376.23178540860675
623000	396.5722555794095
624000	386.06242570386655
625000	379.8843160403176
626000	366.5641506126099
627000	379.07834440505286
628000	389.53182670060204
629000	366.65370301652786
630000	372.92035887721624
631000	377.5559535384523
632000	366.0016810194612
633000	374.9257290009019
634000	361.1688698282523
635000	353.66256720771094
636000	359.74709964020246
637000	372.50177685440764
638000	378.3568941397807
639000	372.0681017298157
640000	377.51168043988076
641000	376.88078878531593
642000	359.4563058791648
643000	355.51700631356323
644000	353.36070517203314
645000	356.30184760632613
646000	375.63611099153394
647000	365.4885155588094
648000	362.6258572537905
649000	369.37247375120666
650000	362.3511628013257
651000	359.9936203026722
652000	350.4668544566618
653000	341.69071887270076
654000	375.78100476865984
655000	360.48263680047216
656000	364.4269674000064
657000	371.64046384593854
658000	369.00822689482027
659000	371.77428934842067
660000	370.1633522846844
661000	381.0001993655428
662000	387.348357975859
663000	383.5388590856
664000	381.7920841058063
665000	382.8506136442519
666000	386.7526835587862
667000	362.0352138706467
668000	383.7159514798605
669000	371.2359687181275
670000	375.2597896537216
671000	388.88181711710337
672000	389.2551198345619
673000	372.16670999480215
674000	369.19638756372825
675000	362.0835117963541
676000	376.98744670458876
677000	372.51888236976254
678000	392.16305744493087
679000	372.2069582662268
680000	379.82595604675214
681000	385.62975678606404
682000	381.6310910201112
683000	369.5314544233301
684000	365.2108024859835
685000	366.0449479112433
686000	366.20996582408156
687000	369.4700758094109
688000	364.4561473967873
689000	375.4831675601253
690000	362.8743903298355
691000	372.45850996262556
692000	373.3087546964508
693000	366.29851202121364
694000	368.14389526599376
695000	374.9820765808994
696000	385.6227133385671
697000	382.10199579577045
698000	377.732039725927
699000	360.6265243708159
700000	368.3491614502567
701000	395.8145818698559
702000	367.11957675825806
703000	381.3141358826465
704000	379.0119347572047
705000	394.22175652825666
706000	388.0547151393478
707000	373.8400318792471
708000	386.2002760334955
709000	365.7571727705631
710000	360.6516795404536
711000	369.2114806655116
712000	365.5810865830847
713000	375.041442781247
714000	361.4838125521418
715000	384.84994652722645
716000	377.86888384876653
717000	379.987955339233
718000	353.7823058151955
719000	380.37735736525707
720000	362.0845180031399
721000	369.75382612294794
722000	361.6397746039078
723000	365.60020451201126
724000	351.7638550032944
725000	370.61815775177075
726000	354.14353405122813
727000	358.13918119682353
728000	374.04429185672416
729000	397.10152034863415
730000	371.07900045957564
731000	383.1082025813618
732000	363.14707236872874
733000	385.07131202005854
734000	386.00809053744797
735000	370.0255019550554
736000	385.24639200075114
737000	391.0340934314976
738000	366.8831181636426
739000	379.754515364975
740000	376.9461922263783
741000	356.4155489730996
742000	363.2275689115781
743000	367.0581981443352
744000	377.5901645691585
745000	385.56938437892705
746000	380.4528228741774
747000	356.52623171951564
748000	366.97166436077475
749000	363.44189095690587
750000	370.86467841424053
751000	368.102640787787
752000	362.4054979677442
753000	366.80161541401117
754000	354.69694778330467
755000	355.6709559517577
756000	357.4499295486933
757000	376.95927291459003
758000	371.8356679623435
759000	373.7273367192594
760000	376.4612005557216
761000	373.4174250292989
762000	387.23666902265717
763000	375.8886688947185
764000	373.8601560149594
765000	364.66342599462183
766000	364.78920184281753
767000	363.8745598747157
768000	377.8547969537727
769000	360.6526857472394
770000	351.97817704862587
771000	373.84506291317604
772000	369.2607847980048
773000	377.9071197066233
774000	379.82394363318053
775000	367.0984464157636
776000	371.75014038556515
777000	386.8251304473492
778000	365.5559314134434
779000	373.7112374106939
780000	386.7245097687911
781000	344.98604609552575
782000	369.24166686907824
783000	375.95407233578453
784000	375.0977903612408
785000	368.09157251314315
786000	390.939509993647
787000	390.01883078483036
788000	399.26788355801494
789000	390.16774938909583
790000	389.4644108459644
791000	392.2777650184901
792000	402.4535342412134
793000	393.4318842015684
794000	360.3800037083462
795000	367.831971162458
796000	388.57391784071444
797000	372.93444577221373
798000	371.80346934520156
799000	369.6733295800986
800000	384.0379376512543
801000	387.97220618292687
802000	383.7843735412839
803000	376.1895247236141
804000	366.130475488018
805000	353.0125576242196
806000	371.62335833057995
807000	376.67351018748144
808000	379.0089161368509
809000	369.32115720514184
810000	360.93643606078007
811000	357.90574122256555
812000	376.0194757768469
813000	361.92453112423436
814000	366.9616022929204
815000	369.10482274623877
816000	382.50145988964886
817000	366.05400377231183
818000	370.5135122460695
819000	364.55173704142
820000	373.01494231505944
821000	369.9087819679282
822000	382.6372978057062
823000	371.0246652931534
824000	371.7924010705614
825000	364.57286738391446
826000	369.74376405508997
827000	379.77665191425893
828000	369.8735647304325
829000	373.9104663542384
830000	363.44490957726697
831000	349.73836074389266
832000	360.1455575272987
833000	371.5066383434528
834000	367.62469256462714
835000	378.80465615937385
836000	370.0768185011202
837000	371.9544003630459
838000	383.28529497562596
839000	383.42717013239815
840000	368.3541924841857
841000	372.99783679970454
842000	372.9294147382811
843000	356.74960962591564
844000	372.67786304188604
845000	386.1157546635066
846000	384.0268693766105
847000	381.9601206389983
848000	359.6505037887876
849000	365.7209493262816
850000	363.952037797204
851000	379.3560574778787
852000	364.49840808178357
853000	387.3876000404979
854000	368.1288021642104
855000	359.51768449308764
856000	367.16284365004014
857000	364.2025832868206
858000	366.5389954429686
859000	369.04646275267334
860000	357.3332095615625
861000	364.90189700280513
862000	379.50396987536203
863000	377.06794324743447
864000	378.31060862764485
865000	379.77765812104474
866000	378.55914170368624
867000	379.6629505474855
868000	379.31580920645774
869000	377.4211218291807
870000	380.4316925316793
871000	381.8816365097205
872000	386.2807725763449
873000	369.14808963801715
874000	370.9039204788794
875000	383.056886035297
876000	383.4231453052513
877000	384.005739034116
878000	378.35790034657015
879000	366.3146113297828
880000	374.4316814691766
881000	381.9269158150742
882000	370.1402095286146
883000	375.68742753759875
884000	371.67467487664845
885000	377.965479700185
886000	382.53265230000136
887000	371.4130611123917
888000	373.56131259963536
889000	374.49507249667107
890000	372.3337403212083
891000	371.5348121334515
892000	380.8432311069873
893000	376.2106550661086
894000	389.2812812109854
895000	375.8806192404321
896000	370.85763496674355
897000	370.70871636247443
898000	376.8506025817493
899000	359.2792134849043
900000	411.9682256057979
901000	369.909788174714
902000	386.12481052457883
903000	376.208642652537
904000	380.8915290326947
905000	372.8650175040082
906000	385.9185381335301
907000	385.59252713499677
908000	383.1162522356482
909000	391.0833975639908
910000	377.518723887385
911000	392.86337736770855
912000	386.05236363601585
913000	359.4824672555956
914000	387.0193283569683
915000	376.93311153816654
916000	371.42614180060707
917000	397.4838789271613
918000	384.575252074758
919000	382.7811853760463
920000	383.1243018899309
921000	386.46692083168125
922000	377.9544114255449
923000	361.9013883681646
924000	373.6498587967711
925000	368.33608076204496
926000	360.1465637340845
927000	376.41793366394313
928000	363.17122133158426
929000	383.78236112771236
930000	369.6200006204622
931000	384.9888030636412
932000	370.20158814253745
933000	373.8329884317501
934000	364.12711777790025
935000	364.80731356496193
936000	374.26968217669577
937000	371.6615941884367
938000	395.2038143509998
939000	377.4875314770289
940000	382.4330378282291
941000	367.2835884643105
942000	376.3474991889481
943000	395.61635913309357
944000	383.3486860031204
945000	369.8453909404338
946000	379.99801740708733
947000	375.0937655340976
948000	371.6324141916522
949000	369.33725651371094
950000	378.41223551299237
951000	372.38405066049097
952000	370.5758970667745
953000	362.5654848466571
954000	377.74914524128565
955000	361.6568801192665
956000	368.86333311769437
957000	363.14606616194294
958000	366.7392305933062
959000	371.7380659041392
960000	365.7591851841347
961000	372.25324377836625
962000	367.8118470267493
963000	374.22339666455997
964000	366.72816231865875
965000	372.5208947833305
966000	367.3942712107265
967000	375.96413440363517
968000	372.50077064761814
969000	382.17645509790134
970000	375.0233310591062
971000	381.771959970094
972000	384.7875617065215
973000	377.3728239034696
974000	385.6689988507029
975000	376.5326412374987
976000	361.2403105100258
977000	377.15648944456655
978000	398.98312703769574
979000	378.80868098651337
980000	358.79120319389017
981000	366.5913181958192
982000	375.5596392758278
983000	376.2871267818148
984000	374.5162028391692
985000	372.6114533940342
986000	384.0329066173216
987000	379.17896508361457
988000	378.24118035943934
989000	374.5282773205951
990000	372.3498396297811
991000	383.01261293673275
992000	374.8884993498383
993000	382.62321091070504
994000	384.56519000690366
995000	369.8212419775819
996000	396.85600589295024
997000	392.67320428522527
998000	378.4454403369164
999000	390.716132087247
1000000	381.07767728803475
1001000	387.8615234365145
1002000	387.5405434719102
1003000	371.6646128087904
1004000	372.30959135835644
1005000	380.97504419590143
1006000	379.9406636203114
1007000	351.14403162336606
1008000	361.9798724974387
1009000	360.7301636697277
1010000	368.14993250670494
1011000	372.16167896087677
1012000	381.18332900051814
1013000	364.479290152857
1014000	356.62785860485945
1015000	368.3562048977536
1016000	377.0981294510048
1017000	362.58560898236584
1018000	370.64935016212326
1019000	368.95791655554126
1020000	371.18062734491946
1021000	365.35670246989525
1022000	358.14219981718094
1023000	376.7047025978376
1024000	359.98355823481785
1025000	359.15444384349075
1026000	371.59115971344534
1027000	362.05936283350223
1028000	368.376329033466
1029000	377.742101793785
1030000	370.7570142881819
1031000	356.3290151895354
1032000	361.1567953468227
1033000	382.11608269076436
1034000	371.272192162409
1035000	379.4999450482188
1036000	386.51119393024544
1037000	365.3104169577594
1038000	383.533828051671
1039000	370.15429642361215
1040000	363.39258682441266
1041000	385.93463744209924
1042000	377.3416314931172
1043000	375.22759103658336
1044000	366.7845098986562
1045000	368.0181194177944
1046000	385.22425545147087
1047000	375.04748002196175
1048000	382.934128807455
1049000	372.9666443893484
1050000	367.6699718699772
1051000	360.98674640005544
1052000	363.4247854415546
1053000	361.4636884164295
1054000	369.6189944136764
1055000	368.65202969272025
1056000	387.7709648258108
1057000	361.5924828849826
1058000	370.7851880781806
1059000	364.0164350314842
1060000	358.5738625281976
1061000	358.14823705789206
1062000	372.15664792694776
1063000	363.75683368079905
1064000	344.7274509516301
1065000	389.21587776992305
1066000	369.3624116833523
1067000	364.0707701979064
1068000	361.50293048106835
1069000	371.194714239917
1070000	369.63609992903133
1071000	374.63191661951424
1072000	373.95071462566307
1073000	372.03690931945954
1074000	371.7551714194941
1075000	367.06926641897905
1076000	371.25810526741145
1077000	373.89637945924085
1078000	374.67920833843584
1079000	376.1734254150413
1080000	373.7987774010366
1081000	375.1289827715969
1082000	381.55260689082985
1083000	367.3982960378697
1084000	387.3151531519349
1085000	381.5576379247625
1086000	366.4383747644106
1087000	369.36643651049184
1088000	384.85698997472707
1089000	381.8293137568699
1090000	387.4600469290608
1091000	381.993325462926
1092000	381.3896013915668
1093000	386.1026739752912
1094000	386.5333304795294
1095000	385.4053726728746
1096000	390.8982555154365
1097000	378.3981486179948
1098000	368.36324834525425
1099000	382.10803303648163
1100000	375.5032916958376
1101000	374.04529806350996
1102000	380.266674618841
1103000	381.66832067117485
1104000	377.9071197066233
1105000	382.2006040607569
1106000	376.20059299825425
1107000	368.8019545037715
1108000	365.7591851841347
1109000	380.00707326815956
1110000	363.53748060154226
1111000	386.46692083168125
1112000	377.59117077594794
1113000	383.79141698878453
1114000	383.8185845719938
1115000	370.6282198196251
1116000	373.5824429421335
1117000	366.69797611509574
1118000	390.7724796672372
1119000	373.1155629936175
1120000	380.7224862927169
1121000	397.1166134504138
1122000	381.27086899086805
1123000	379.74646571069223
1124000	390.66179692082477
1125000	374.5272711138093
1126000	370.17542676611026
1127000	380.2525877238435
1128000	365.6072479595118
1129000	360.3679292269166
1130000	371.59317212701325
1131000	365.9755196430378
1132000	378.94451890257074
1133000	378.67485548403124
1134000	385.6438436810616
1135000	377.4865252702431
1136000	380.0412842988694
1137000	382.13419441290506
1138000	384.48670587762956
1139000	390.09027146660753
1140000	382.94318466852354
1141000	366.55811337189516
1142000	374.8160524612754
1143000	384.18786246230917
1144000	366.9958133236303
1145000	377.17560737349675
1146000	386.6037649545208
1147000	386.90763940377013
1148000	367.1779367518235
1149000	380.38540701954344
1150000	392.2375167470654
1151000	365.9886003312495
1152000	389.55295704310015
1153000	386.5313180659578
1154000	378.8871651157911
1155000	380.3411339209756
1156000	374.4980911170248
1157000	366.03589205017477
1158000	373.21316505182176
1159000	366.70401335580686
1160000	368.23546008348325
1161000	372.6416395976009
1162000	371.8588107184096
1163000	373.79877740104024
1164000	374.9931448555359
1165000	370.742927393188
1166000	378.9374754550701
1167000	380.70739319093354
1168000	374.16906149813775
1169000	379.78570777532747
1170000	400.60915720321543
1171000	373.8380194656755
1172000	382.2006040607569
1173000	370.83751083103124
1174000	376.83953430710545
1175000	377.0920922102937
1176000	369.09375447159493
1177000	388.77214057747676
1178000	370.37264329608684
1179000	376.98945911816037
1180000	367.1095146904037
1181000	358.0586846539742
1182000	378.56014791047204
1183000	383.8548080162753
1184000	372.6235278754638
1185000	367.20007330110377
1186000	377.3889232120388
1187000	390.0550542291119
1188000	379.58547262499354
1189000	377.38691079847086
1190000	379.4264919528701
1191000	373.1276374750471
1192000	399.81827866974135
1193000	378.53197412047695
1194000	379.1517975004016
1195000	388.63026542070827
1196000	381.7719599700903
1197000	389.6103108298798
1198000	373.5673498403538
1199000	380.32905943954967
1200000	381.32419795050083
1201000	382.28210681039207
1202000	394.7389468160553
1203000	389.0136302060212
1204000	371.20377010098554
1205000	383.8668824977012
1206000	369.4821502908332
1207000	382.99349500780625
1208000	382.08489028041186
1209000	382.2267654371804
1210000	384.4031907144228
1211000	381.81623306866186
1212000	375.9842585393512
1213000	375.6491916797494
1214000	365.7481169094909
1215000	383.73406320200127
1216000	365.67466381414215
1217000	353.53578515272574
1218000	372.5208947833305
1219000	369.83834749293686
1220000	369.09979171230975
1221000	375.64114202546295
1222000	370.539673622493
1223000	389.4271811949008
1224000	371.35671353239786
1225000	380.00304844101635
1226000	358.6694521728303
1227000	372.33675894156937
1228000	381.0424600505354
1229000	380.7929207677119
1230000	369.27889652014557
1231000	375.79006062972843
1232000	367.50797257749997
1233000	387.32420901300713
1234000	386.47195186560657
1235000	384.53500380333696
1236000	386.4568587638233
1237000	368.9850841387505
1238000	388.6805757599873
1239000	362.33305107918125
1240000	376.1341833504061
1241000	375.6592537476
1242000	371.0447894288658
1243000	364.0788198521928
1244000	370.7590267017535
1245000	361.23024844217144
1246000	363.51735646582625
1247000	354.3950857476232
1248000	357.7125495197322
1249000	350.9880695716
1250000	352.1854556464567
1251000	366.1938665155124
1252000	354.08618026444486
1253000	364.5235632514249
1254000	370.7821694578232
1255000	368.4256331659592
1256000	374.43570629631984
1257000	367.16384985682595
1258000	367.7575118603271
1259000	376.1734254150413
1260000	365.3456341952551
1261000	368.9478544876869
1262000	356.04325246242684
1263000	366.8348202379352
1264000	378.8298113290152
1265000	383.2420280838476
1266000	369.1561392923036
1267000	387.5113634751257
1268000	383.8568204298469
1269000	369.95707989363564
1270000	361.37212359894
1271000	358.90490456066357
1272000	377.1725887531394
1273000	371.9634562241108
1274000	372.4212803115583
1275000	387.37451935228614
1276000	384.5812893154728
1277000	376.86670189031474
1278000	368.7717683002048
1279000	370.9200197874522
1280000	370.4028294996535
1281000	374.16302425742293
1282000	383.06795430993714
1283000	375.0726351916031
1284000	372.0711203501731
1285000	372.3206596330002
1286000	365.4744286638082
1287000	364.8918349349508
1288000	369.0846986105264
1289000	375.3624227458513
1290000	372.55409960725456
1291000	350.1076386342044
1292000	366.9565712589914
1293000	363.7930571250805
1294000	356.28675450454284
1295000	371.71794176842684
1296000	374.690276613076
1297000	382.050679249702
1298000	373.0632402407669
1299000	379.81589397889417
1300000	359.7702423962722
1301000	362.1750766138436
1302000	367.5039477503531
1303000	363.9671308989873
1304000	368.68825313700177
1305000	354.40514781547756
1306000	351.3261550515592
1307000	351.67832742651603
1308000	379.2473871450343
1309000	371.6143024695114
1310000	374.01008082601066
1311000	370.3354136450195
1312000	364.5617991092743
1313000	368.3230000738332
1314000	383.9433542134037
1315000	389.0790336470836
1316000	374.45884905238955
1317000	397.6710333892798
1318000	383.5851445977358
1319000	385.48285059536653
1320000	369.6642737190264
1321000	386.3441636038356
1322000	375.4871923872648
1323000	386.74060907736026
1324000	368.6137938348672
1325000	371.77227693484906
1326000	362.77880068519914
1327000	368.8411965684104
1328000	386.7053918398646
1329000	388.38374475823855
1330000	372.6426458043903
1331000	387.45400968834605
1332000	390.36395971228654
1333000	364.7097115067576
1334000	369.80514266901275
1335000	381.00724281303974
1336000	386.00607812387636
1337000	376.680553634982
1338000	373.3620836560909
1339000	375.9218737186426
1340000	378.31161483443066
1341000	380.55243734594967
1342000	373.8682056692421
1343000	370.4611894932189
1344000	355.37412495000893
1345000	381.5314765483354
1346000	368.68422830985855
1347000	388.5890109424978
1348000	372.29550446336253
1349000	377.5982142234449
1350000	369.52139235547577
1351000	369.4600137415493
1352000	354.5168367686794
1353000	363.31712131549597
1354000	387.2889917755078
1355000	366.52390234118525
1356000	356.7093613544946
1357000	370.02751436863065
1358000	377.15447703099863
1359000	366.13148169480746
1360000	353.41805895881276
1361000	371.32652732883116
1362000	360.86398917221345
1363000	369.24569169622146
1364000	362.8140179226985
1365000	357.1983778522909
1366000	372.1747596490849
1367000	365.17558524848783
1368000	382.44712472322664
1369000	372.8086699240144
1370000	360.15964442229625
1371000	378.8942085632917
1372000	386.8251304473492
1373000	382.18551095897357
1374000	366.70602576937847
1375000	370.5286053478565
1376000	378.6034148022541
1377000	374.2475456274155
1378000	379.43554781394226
1379000	365.0417597460057
1380000	378.8871651157948
1381000	369.05551861374187
1382000	373.9124787678137
1383000	387.1229676558874
1384000	385.2987147536054
1385000	378.0560383108924
1386000	365.30337351025884
1387000	375.73572546330985
1388000	369.5797523490375
1389000	360.12845201194375
1390000	367.2876132914537
1391000	380.95492006019276
1392000	367.8671883999537
1393000	369.41473443620293
1394000	379.3278836878837
1395000	369.7176026786665
1396000	366.7553299018753
1397000	368.8562896701974
1398000	386.88248423413245
1399000	369.86350266257455
1400000	388.470278541799
1401000	385.99601605602203
1402000	392.0473436645895
1403000	377.3265383913338
1404000	367.38521534965435
1405000	362.14489041027696
1406000	357.39559438226746
1407000	376.1140592146938
1408000	385.2081561428981
1409000	379.80583191103983
1410000	369.2165116994369
1411000	378.72315340973864
1412000	374.0573725449359
1413000	384.19188728944874
1414000	379.2574492128923
1415000	383.23800325670436
1416000	388.97237572781074
1417000	382.1070268296958
1418000	369.1551330855178
1419000	386.83418630842135
1420000	385.5019685242931
1421000	382.2106661286149
1422000	376.21669230681977
1423000	379.9869491324472
1424000	379.521075390717
1425000	375.09879656802656
1426000	372.3981375554885
1427000	377.4674073413202
1428000	384.178806601237
1429000	382.50145988964886
1430000	363.2748606304997
1431000	359.5005789777327
1432000	375.63611099153394
1433000	373.9577580731637
1434000	356.4900082752342
1435000	373.95373324601684
1436000	361.86918975102265
1437000	362.1016235184949
1438000	377.9594424594739
1439000	367.93561046137347
1440000	364.1895025986052
1441000	361.4586573825041
1442000	366.0731217012384
1443000	362.36927452346276
1444000	349.67295730282666
1445000	356.5372999941558
1446000	359.3174493427537
1447000	356.30687864025515
1448000	346.97431070386386
1449000	374.846238664842
1450000	362.6399441487917
1451000	376.5105046882148
1452000	366.5349706158254
1453000	365.32852867989646
1454000	387.5626800211905
1455000	380.12580566885833
1456000	371.560973509875
1457000	394.9321385188923
1458000	383.4865363327457
1459000	373.2815871132415
1460000	374.07749668064827
1461000	370.59300258213307
1462000	359.1423693620611
1463000	389.7360866780792
1464000	387.78706413437993
1465000	379.27254231467566
1466000	375.5063103161914
1467000	362.18614488848743
1468000	376.1925433439679
1469000	372.9143216365014
1470000	357.62098470223907
1471000	382.85564467817727
1472000	363.9208453868515
1473000	377.94434935769056
1474000	374.0815215077915
1475000	368.91163104340177
1476000	380.75770353021255
1477000	361.1457270721826
1478000	374.6892704062902
1479000	348.6093967304557
1480000	371.1433976938522
1481000	373.0823581696934
1482000	392.4790063756098
1483000	370.627213612843
1484000	357.98221293826805
1485000	357.0102171833829
1486000	365.5659934812977
1487000	361.2000622386048
1488000	363.4781144011874
1489000	366.08821480302174
1490000	367.5914877407031
1491000	373.55829397928164
1492000	360.59533196045976
1493000	355.931563509225
1494000	359.96444030589134
1495000	380.08354498386205
1496000	365.3657583309638
1497000	357.36339576512916
1498000	357.2094461269347
1499000	366.7694167968692
1500000	369.5344730436875
1501000	355.35098219394285
1502000	371.76523348735213
1503000	375.31412482014383
1504000	365.29532385597605
1505000	373.67803258676986
1506000	387.9540944607898
1507000	396.02890391518736
1508000	368.1147152692129
1509000	355.4375159774997
1510000	386.1268229381504
1511000	374.77882281020806
1512000	367.2916381185969
1513000	355.2121256575281
1514000	371.80346934520156
1515000	359.93928513624996
1516000	367.07228503933277
1517000	365.1554611127755
1518000	369.8192295640103
1519000	383.40805220346795
1520000	380.2535939306293
1521000	381.66932687796435
1522000	370.7348777388979
1523000	379.6619443406997
1524000	357.24063853728717
1525000	364.2871046568095
1526000	376.69363432319375
1527000	362.1267786881362
1528000	373.7726160246131
1529000	364.44507912214715
1530000	377.9986845241128
1531000	384.9334616904332
1532000	370.0838619486208
1533000	379.9175208642416
1534000	367.94869114958885
1535000	372.99683059291874
1536000	360.43232646119316
1537000	387.7357475883151
1538000	366.18179203408283
1539000	365.557943827015
1540000	347.9432878383879
1541000	363.21951925729167
1542000	364.845549422815
1543000	371.0961059749306
1544000	364.4068432642941
1545000	367.11152710397164
1546000	380.46892218274655
1547000	386.17210224349674
1548000	364.27603638216937
1549000	378.1103734773146
1550000	376.5920074378463
1551000	386.39849877025785
1552000	379.77564570747313
1553000	386.1368850060048
1554000	381.91484133364827
1555000	382.8767750206754
1556000	390.97271481757474
1557000	376.2599591986055
1558000	373.962789107089
1559000	363.5968468018898
1560000	377.60827629129926
1561000	369.0645744748141
1562000	382.1724302707582
1563000	387.1129055880294
1564000	364.0919005404009
1565000	376.0194757768469
1566000	369.2617910047906
1567000	381.69246963403043
1568000	382.2418585389637
1569000	390.4897355604896
1570000	382.5970495342779
1571000	381.4147565612045
1572000	369.3040516897869
1573000	367.06423538505004
1574000	370.022483334698
1575000	376.74696328283017
1576000	366.42529407619884
1577000	378.3488444855016
1578000	369.8001116350838
1579000	381.27690623157923
1580000	352.6281866321172
1581000	365.5267514166625
1582000	368.7244765812832
1583000	370.96932391994176
1584000	368.67517244879
1585000	384.4454513994191
1586000	380.8583242087706
1587000	371.2158445824152
1588000	366.15965548480256
1589000	371.06994459850347
1590000	385.63881264713257
1591000	377.2299425399153
1592000	378.4222975808467
1593000	376.42296469787215
1594000	383.0760039642235
1595000	392.1489705499333
1596000	370.138197115043
1597000	366.7261499050908
1598000	377.8165610959159
1599000	372.9817374911354
1600000	378.0892431348128
1601000	388.7832088521169
1602000	384.4333769179895
1603000	383.245046704205
1604000	366.5943368161766
1605000	385.8169112481863
1606000	387.8031634429491
1607000	357.0343661462421
1608000	382.0989771754094
1609000	376.9441798128104
1610000	371.972512085183
1611000	394.6695185478461
1612000	386.0996553549338
1613000	367.03606159505495
1614000	398.9287918712735
1615000	405.84445110866744
1616000	384.34986175479
1617000	375.6099496151068
1618000	378.5259368797621
1619000	387.13604834409915
1620000	373.41843123608106
1621000	382.26198267467606
1622000	380.01009188851697
1623000	377.48250044309987
1624000	374.71744419628527
1625000	378.4665706794146
1626000	376.77413086603946
1627000	384.39111623299686
1628000	381.78906548544893
1629000	382.7620674471161
1630000	380.1600166995718
1631000	385.5080057650042
1632000	380.8965600666237
1633000	377.33458804561656
1634000	383.5881632180932
1635000	360.76437470044124
1636000	355.3107339225145
1637000	375.49725445512286
1638000	377.89102039805414
1639000	372.5661740886842
1640000	378.25929208158004
1641000	357.26780612049646
1642000	371.03774598136516
1643000	369.1400399837344
1644000	371.6857431512886
1645000	366.62150439938955
1646000	372.2572686055058
1647000	387.37150073192873
1648000	375.1460882869482
1649000	362.41254141524485
1650000	378.29048449193255
1651000	378.0801872737443
1652000	375.8323213147247
1653000	391.32086236538834
1654000	386.03022708673194
1655000	375.51838479762097
1656000	380.40452494847
1657000	380.59369182416015
1658000	397.2172341289755
1659000	377.30842666919307
1660000	380.2153580727762
1661000	371.03472736101145
1662000	366.3105865026396
1663000	367.2513898471686
1664000	376.9733598095876
1665000	380.58262354952
1666000	371.0005163302979
1667000	366.06305963338406
1668000	379.6458450321306
1669000	383.77833630056915
1670000	373.862168428531
1671000	379.64282641177317
1672000	364.11001226254166
1673000	371.8316431352003
1674000	372.9123092229262
1675000	377.2440294349129
1676000	383.97354041697406
1677000	373.6931256885532
1678000	370.13215987432824
1679000	374.0362422024378
1680000	372.0006858751781
1681000	362.8150241294843
1682000	364.1039750218305
1683000	374.9267352076877
1684000	350.8874488930383
1685000	392.0553933188759
1686000	365.71994311949584
1687000	366.98776366934754
1688000	359.3979458855994
1689000	368.13785802528264
1690000	371.10818045635654
1691000	369.9419867918523
1692000	386.9458752616232
1693000	382.57994401892296
1694000	378.1043362365998
1695000	357.68538193651926
1696000	356.87337306054343
1697000	374.25157045455506
1698000	378.43034723512943
1699000	361.6649297735492
1700000	370.8878211703139
1701000	382.96029018388214
1702000	358.71171285782657
1703000	367.7655615146135
1704000	372.47662168476626
1705000	368.3310497281123
1706000	368.12477733706726
1707000	369.22053652658013
1708000	369.2849337608603
1709000	363.14606616194294
1710000	362.46788278845287
1711000	360.8730450332857
1712000	364.22270742252925
1713000	355.10144291111203
1714000	350.804939936621
1715000	366.6607464640248
1716000	371.28124802348117
1717000	366.1988975494378
1718000	354.45545815476027
1719000	364.1864839782478
1720000	374.38740837061243
1721000	352.6855404189005
1722000	381.62304136582486
1723000	377.6424873220091
1724000	383.9393293862642
1725000	372.96966300970576
1726000	382.5427143678557
1727000	379.6760312356972
1728000	396.92543416115575
1729000	391.9728843624549
1730000	391.36815408431363
1731000	390.13957559910074
1732000	389.8346949430656
1733000	374.5665131784482
1734000	379.33995816930957
1735000	368.65605451986346
1736000	371.7813327959213
1737000	383.3466735895488
1738000	374.8905117634099
1739000	381.2245834787286
1740000	382.2951874986038
1741000	370.2649791700282
1742000	369.12796550230485
1743000	362.5031000259485
1744000	373.89738566602665
1745000	376.29618264288695
1746000	362.43669037810037
1747000	377.65456180343875
1748000	371.0266777067214
1749000	381.62002274546745
1750000	364.5145073903527
1751000	374.8884993498383
1752000	372.4222865183441
1753000	379.4325291935812
1754000	365.86584310340754
1755000	365.4543045280995
1756000	356.23543795847803
1757000	369.5737151083227
1758000	372.7060368318811
1759000	368.27369594133637
1760000	380.8241131780644
1761000	360.5098043836851
1762000	378.0107590055387
1763000	354.57117193510527
1764000	365.00151147458104
1765000	388.37871372430953
1766000	379.17896508361457
1767000	368.3219938670438
1768000	379.9819180985182
1769000	362.0533255927875
1770000	378.7915754711584
1771000	379.3278836878837
1772000	385.49492507679616
1773000	373.48785950428663
1774000	377.6374562880838
1775000	366.60238647046305
1776000	367.1568064093253
1777000	385.5724029992881
1778000	372.200921025512
1779000	389.0568970977996
1780000	385.0934485693388
1781000	375.76792408044815
1782000	370.51854327999854
1783000	373.8873235981723
1784000	384.0530307530376
1785000	384.1315148823117
1786000	384.2321355608734
1787000	355.4918511439219
1788000	383.80550388377844
1789000	383.689790103437
1790000	374.7939159119914
1791000	358.16634878003646
1792000	365.4814721113088
1793000	366.684895426884
1794000	372.13853620480336
1795000	365.79037759449085
1796000	379.64282641177317
1797000	349.1336304657477
1798000	356.5926413673638
1799000	367.03505538826914
1800000	359.99965754339064
1801000	370.14926538968314
1802000	372.66880718081745
1803000	378.8116996068708
1804000	356.2505310602613
1805000	357.99931845362664
1806000	371.32853974240277
1807000	370.9914604692257
1808000	378.99684165542135
1809000	381.2779124383687
1810000	378.57725342583063
1811000	363.80412539972065
1812000	373.29064297431376
1813000	364.6080846214138
1814000	369.91884403578257
1815000	380.6198532005873
1816000	368.275708354908
1817000	384.50884242690984
1818000	368.3380931756129
1819000	377.7732942041375
1820000	380.6792194009385
1821000	361.32785050037575
1822000	384.63461827510923
1823000	355.1265980807534
1824000	380.76273456414157
1825000	368.2062800866987
1826000	367.7404063449685
1827000	375.7880482161568
1828000	351.4972102051123
1829000	361.7585070046103
1830000	376.61515019391965
1831000	388.8888605646076
1832000	376.59401985142154
1833000	390.93045413257846
1834000	364.49538946142616
1835000	368.39544696239255
1836000	370.1955509018226
1837000	368.97502207089616
1838000	377.0498315252937
1839000	371.0518328763627
1840000	355.67296836533296
1841000	363.49018888262066
1842000	372.45046030833913
1843000	364.2136515614607
1844000	386.49106979453313
1845000	367.68607117855
1846000	358.7076880306834
1847000	372.76942785937183
1848000	378.90628304471767
1849000	376.6765288078425
1850000	373.3681208968057
1851000	366.53094578868223
1852000	374.21434080349144
1853000	368.5171979834524
1854000	374.8361765969877
1855000	352.4239266546437
1856000	372.18280930337494
1857000	377.9010824659121
1858000	368.00000769565366
1859000	361.9587421549442
1860000	350.0754400170661
1861000	370.9300818553065
1862000	361.9597483617263
1863000	374.1962290813507
1864000	386.23046223706586
1865000	375.1189207037389
1866000	380.41659942989594
1867000	372.22808860872493
1868000	373.5190519146428
1869000	378.620520317609
1870000	369.9621109275646
1871000	378.1938886405177
1872000	371.2923162981213
1873000	372.50882030190456
1874000	370.44106535751024
1875000	363.9872550346997
1876000	380.4578539081064
1877000	380.7798400794965
1878000	385.19708786825794
1879000	383.7109204459315
1880000	381.62102895225325
1881000	392.3381374256271
1882000	373.42648089036743
1883000	360.6858905711635
1884000	372.77948992722986
1885000	373.9798946224476
1886000	373.450629853223
1887000	370.8193991088905
1888000	368.80698553770054
1889000	381.8987420250791
1890000	374.9257290009056
1891000	380.9659883348329
1892000	375.04647381517594
1893000	375.0213186455346
1894000	358.215652912526
1895000	363.31611510871016
1896000	376.35554884323454
1897000	377.6938038680776
1898000	365.55190658630016
1899000	362.82810481769604
1900000	365.97048860910877
1901000	361.23829809645787
1902000	370.8888273770997
1903000	368.0986159606401
1904000	375.1933800058735
1905000	363.6994798940194
1906000	368.77780554091964
1907000	358.5004094328525
1908000	358.1210694746828
1909000	367.9104552917358
1910000	383.350698416692
1911000	379.24436852468057
1912000	366.79356575972844
1913000	368.2948262838345
1914000	373.80179602139765
1915000	373.8611622217452
1916000	372.77647130687245
1917000	354.27937196728186
1918000	361.77158769282204
1919000	361.9094380224473
1920000	382.1985916471816
1921000	375.95709095613825
1922000	350.1026076002754
1923000	347.28824722096755
1924000	376.9582667078079
1925000	360.59231334010605
1926000	358.4752542632148
1927000	368.8160413987727
1928000	367.87423184745796
1929000	354.4876567718985
1930000	362.3048772891862
1931000	366.7613671425865
1932000	368.5182041902345
1933000	366.7633795561581
1934000	358.33639772680004
1935000	375.59686892689507
1936000	367.53010912678025
1937000	377.6807231798622
1938000	382.22575923039824
1939000	381.03139177589526
1940000	380.7275173266459
1941000	390.1657369755242
1942000	381.35136553371376
1943000	381.07767728803475
1944000	383.0256936249445
1945000	367.3017001864512
1946000	380.26868703241263
1947000	375.8715633793636
1948000	387.415773830493
1949000	396.76041624831754
1950000	375.8443957961543
1951000	376.6634481196271
1952000	391.74246300855435
1953000	379.70923605962133
1954000	381.049503498036
1955000	388.5588247389311
1956000	381.30709243514957
1957000	375.90778682364504
1958000	374.30993044812044
1959000	371.6153086762972
1960000	375.8554640707944
1961000	376.64433019070054
1962000	380.0151229224459
1963000	391.61869957392656
1964000	379.64282641177317
1965000	374.43771870989144
1966000	379.95877534244846
1967000	395.12231160136827
1968000	390.9455472343618
1969000	385.92457537424485
1970000	385.2091623496875
1971000	388.52863853536445
1972000	397.78372854926744
1973000	400.09297312220616
1974000	404.35526506598734
1975000	377.6666362848647
1976000	379.44158505465344
1977000	378.1476031283782
1978000	380.4890463184589
1979000	384.4031907144228
1980000	369.41976547012825
1981000	391.14578238469574
1982000	368.198230432416
1983000	384.76039412331227
1984000	372.1636913744484
1985000	374.2324525256322
1986000	372.6667947672422
1987000	357.5656433290347
1988000	383.77229905985433
1989000	380.1358677367163
1990000	388.6674950717719
1991000	382.16136199611805
1992000	389.9826073405489
1993000	367.3439608714475
1994000	381.5123586194088
1995000	388.20866477754595
1996000	378.1838265726597
1997000	374.9418283094747
1998000	379.82394363318423
1999000	381.7005192883168
2000000	385.6730236778461
