1000000.0	381.07767728803475	381.07767728803475
1001000.0	387.8615234365145	387.8615234365145
1002000.0	387.5405434719102	387.5405434719102
1003000.0	371.6646128087904	371.6646128087904
1004000.0	372.30959135835644	372.30959135835644
1005000.0	380.97504419590143	380.97504419590143
1006000.0	379.9406636203114	379.9406636203114
1007000.0	351.14403162336606	351.14403162336606
1008000.0	361.9798724974387	361.9798724974387
1009000.0	360.7301636697277	360.7301636697277
1010000.0	368.14993250670494	368.14993250670494
1011000.0	372.16167896087677	372.16167896087677
1012000.0	381.18332900051814	381.18332900051814
1013000.0	364.479290152857	364.479290152857
1014000.0	356.62785860485945	356.62785860485945
1015000.0	368.3562048977536	368.3562048977536
1016000.0	377.0981294510048	377.0981294510048
1017000.0	362.58560898236584	362.58560898236584
1018000.0	370.64935016212326	370.64935016212326
1019000.0	368.95791655554126	368.95791655554126
1020000.0	371.18062734491946	371.18062734491946
1021000.0	365.35670246989525	365.35670246989525
1022000.0	358.14219981718094	358.14219981718094
1023000.0	376.7047025978376	376.7047025978376
1024000.0	359.98355823481785	359.98355823481785
1025000.0	359.15444384349075	359.15444384349075
1026000.0	371.59115971344534	371.59115971344534
1027000.0	362.05936283350223	362.05936283350223
1028000.0	368.376329033466	368.376329033466
1029000.0	377.742101793785	377.742101793785
1030000.0	370.7570142881819	370.7570142881819
1031000.0	356.3290151895354	356.3290151895354
1032000.0	361.1567953468227	361.1567953468227
1033000.0	382.11608269076436	382.11608269076436
1034000.0	371.272192162409	371.272192162409
1035000.0	379.4999450482188	379.4999450482188
1036000.0	386.51119393024544	386.51119393024544
1037000.0	365.3104169577594	365.3104169577594
1038000.0	383.533828051671	383.533828051671
1039000.0	370.15429642361215	370.15429642361215
1040000.0	363.39258682441266	363.39258682441266
1041000.0	385.93463744209924	385.93463744209924
1042000.0	377.3416314931172	377.3416314931172
1043000.0	375.22759103658336	375.22759103658336
1044000.0	366.7845098986562	366.7845098986562
1045000.0	368.0181194177944	368.0181194177944
1046000.0	385.22425545147087	385.22425545147087
1047000.0	375.04748002196175	375.04748002196175
1048000.0	382.934128807455	382.934128807455
1049000.0	372.9666443893484	372.9666443893484
1050000.0	367.6699718699772	367.6699718699772
1051000.0	360.98674640005544	360.98674640005544
1052000.0	363.4247854415546	363.4247854415546
1053000.0	361.4636884164295	361.4636884164295
1054000.0	369.6189944136764	369.6189944136764
1055000.0	368.65202969272025	368.65202969272025
1056000.0	387.7709648258108	387.7709648258108
1057000.0	361.5924828849826	361.5924828849826
1058000.0	370.7851880781806	370.7851880781806
1059000.0	364.0164350314842	364.0164350314842
1060000.0	358.5738625281976	358.5738625281976
1061000.0	358.14823705789206	358.14823705789206
1062000.0	372.15664792694776	372.15664792694776
1063000.0	363.75683368079905	363.75683368079905
1064000.0	344.7274509516301	344.7274509516301
1065000.0	389.21587776992305	389.21587776992305
1066000.0	369.3624116833523	369.3624116833523
1067000.0	364.0707701979064	364.0707701979064
1068000.0	361.50293048106835	361.50293048106835
1069000.0	371.194714239917	371.194714239917
1070000.0	369.63609992903133	369.63609992903133
1071000.0	374.63191661951424	374.63191661951424
1072000.0	373.95071462566307	373.95071462566307
1073000.0	372.03690931945954	372.03690931945954
1074000.0	371.7551714194941	371.7551714194941
1075000.0	367.06926641897905	367.06926641897905
1076000.0	371.25810526741145	371.25810526741145
1077000.0	373.89637945924085	373.89637945924085
1078000.0	374.67920833843584	374.67920833843584
1079000.0	376.1734254150413	376.1734254150413
1080000.0	373.7987774010366	373.7987774010366
1081000.0	375.1289827715969	375.1289827715969
1082000.0	381.55260689082985	381.55260689082985
1083000.0	367.3982960378697	367.3982960378697
1084000.0	387.3151531519349	387.3151531519349
1085000.0	381.5576379247625	381.5576379247625
1086000.0	366.4383747644106	366.4383747644106
1087000.0	369.36643651049184	369.36643651049184
1088000.0	384.85698997472707	384.85698997472707
1089000.0	381.8293137568699	381.8293137568699
1090000.0	387.4600469290608	387.4600469290608
1091000.0	381.993325462926	381.993325462926
1092000.0	381.3896013915668	381.3896013915668
1093000.0	386.1026739752912	386.1026739752912
1094000.0	386.5333304795294	386.5333304795294
1095000.0	385.4053726728746	385.4053726728746
1096000.0	390.8982555154365	390.8982555154365
1097000.0	378.3981486179948	378.3981486179948
1098000.0	368.36324834525425	368.36324834525425
1099000.0	382.10803303648163	382.10803303648163
1100000.0	375.5032916958376	375.5032916958376
1101000.0	374.04529806350996	374.04529806350996
1102000.0	380.266674618841	380.266674618841
1103000.0	381.66832067117485	381.66832067117485
1104000.0	377.9071197066233	377.9071197066233
1105000.0	382.2006040607569	382.2006040607569
1106000.0	376.20059299825425	376.20059299825425
1107000.0	368.8019545037715	368.8019545037715
1108000.0	365.7591851841347	365.7591851841347
1109000.0	380.00707326815956	380.00707326815956
1110000.0	363.53748060154226	363.53748060154226
1111000.0	386.46692083168125	386.46692083168125
1112000.0	377.59117077594794	377.59117077594794
1113000.0	383.79141698878453	383.79141698878453
1114000.0	383.8185845719938	383.8185845719938
1115000.0	370.6282198196251	370.6282198196251
1116000.0	373.5824429421335	373.5824429421335
1117000.0	366.69797611509574	366.69797611509574
1118000.0	390.7724796672372	390.7724796672372
1119000.0	373.1155629936175	373.1155629936175
1120000.0	380.7224862927169	380.7224862927169
1121000.0	397.1166134504138	397.1166134504138
1122000.0	381.27086899086805	381.27086899086805
1123000.0	379.74646571069223	379.74646571069223
1124000.0	390.66179692082477	390.66179692082477
1125000.0	374.5272711138093	374.5272711138093
1126000.0	370.17542676611026	370.17542676611026
1127000.0	380.2525877238435	380.2525877238435
1128000.0	365.6072479595118	365.6072479595118
1129000.0	360.3679292269166	360.3679292269166
1130000.0	371.59317212701325	371.59317212701325
1131000.0	365.9755196430378	365.9755196430378
1132000.0	378.94451890257074	378.94451890257074
1133000.0	378.67485548403124	378.67485548403124
1134000.0	385.6438436810616	385.6438436810616
1135000.0	377.4865252702431	377.4865252702431
1136000.0	380.0412842988694	380.0412842988694
1137000.0	382.13419441290506	382.13419441290506
1138000.0	384.48670587762956	384.48670587762956
1139000.0	390.09027146660753	390.09027146660753
1140000.0	382.94318466852354	382.94318466852354
1141000.0	366.55811337189516	366.55811337189516
1142000.0	374.8160524612754	374.8160524612754
1143000.0	384.18786246230917	384.18786246230917
1144000.0	366.9958133236303	366.9958133236303
1145000.0	377.17560737349675	377.17560737349675
1146000.0	386.6037649545208	386.6037649545208
1147000.0	386.90763940377013	386.90763940377013
1148000.0	367.1779367518235	367.1779367518235
1149000.0	380.38540701954344	380.38540701954344
1150000.0	392.2375167470654	392.2375167470654
1151000.0	365.9886003312495	365.9886003312495
1152000.0	389.55295704310015	389.55295704310015
1153000.0	386.5313180659578	386.5313180659578
1154000.0	378.8871651157911	378.8871651157911
1155000.0	380.3411339209756	380.3411339209756
1156000.0	374.4980911170248	374.4980911170248
1157000.0	366.03589205017477	366.03589205017477
1158000.0	373.21316505182176	373.21316505182176
1159000.0	366.70401335580686	366.70401335580686
1160000.0	368.23546008348325	368.23546008348325
1161000.0	372.6416395976009	372.6416395976009
1162000.0	371.8588107184096	371.8588107184096
1163000.0	373.79877740104024	373.79877740104024
1164000.0	374.9931448555359	374.9931448555359
1165000.0	370.742927393188	370.742927393188
1166000.0	378.9374754550701	378.9374754550701
1167000.0	380.70739319093354	380.70739319093354
1168000.0	374.16906149813775	374.16906149813775
1169000.0	379.78570777532747	379.78570777532747
1170000.0	400.60915720321543	400.60915720321543
1171000.0	373.8380194656755	373.8380194656755
1172000.0	382.2006040607569	382.2006040607569
1173000.0	370.83751083103124	370.83751083103124
1174000.0	376.83953430710545	376.83953430710545
1175000.0	377.0920922102937	377.0920922102937
1176000.0	369.09375447159493	369.09375447159493
1177000.0	388.77214057747676	388.77214057747676
1178000.0	370.37264329608684	370.37264329608684
1179000.0	376.98945911816037	376.98945911816037
1180000.0	367.1095146904037	367.1095146904037
1181000.0	358.0586846539742	358.0586846539742
1182000.0	378.56014791047204	378.56014791047204
1183000.0	383.8548080162753	383.8548080162753
1184000.0	372.6235278754638	372.6235278754638
1185000.0	367.20007330110377	367.20007330110377
1186000.0	377.3889232120388	377.3889232120388
1187000.0	390.0550542291119	390.0550542291119
1188000.0	379.58547262499354	379.58547262499354
1189000.0	377.38691079847086	377.38691079847086
1190000.0	379.4264919528701	379.4264919528701
1191000.0	373.1276374750471	373.1276374750471
1192000.0	399.81827866974135	399.81827866974135
1193000.0	378.53197412047695	378.53197412047695
1194000.0	379.1517975004016	379.1517975004016
1195000.0	388.63026542070827	388.63026542070827
1196000.0	381.7719599700903	381.7719599700903
1197000.0	389.6103108298798	389.6103108298798
1198000.0	373.5673498403538	373.5673498403538
1199000.0	380.32905943954967	380.32905943954967
1200000.0	381.32419795050083	381.32419795050083
1201000.0	382.28210681039207	382.28210681039207
1202000.0	394.7389468160553	394.7389468160553
1203000.0	389.0136302060212	389.0136302060212
1204000.0	371.20377010098554	371.20377010098554
1205000.0	383.8668824977012	383.8668824977012
1206000.0	369.4821502908332	369.4821502908332
1207000.0	382.99349500780625	382.99349500780625
1208000.0	382.08489028041186	382.08489028041186
1209000.0	382.2267654371804	382.2267654371804
1210000.0	384.4031907144228	384.4031907144228
1211000.0	381.81623306866186	381.81623306866186
1212000.0	375.9842585393512	375.9842585393512
1213000.0	375.6491916797494	375.6491916797494
1214000.0	365.7481169094909	365.7481169094909
1215000.0	383.73406320200127	383.73406320200127
1216000.0	365.67466381414215	365.67466381414215
1217000.0	353.53578515272574	353.53578515272574
1218000.0	372.5208947833305	372.5208947833305
1219000.0	369.83834749293686	369.83834749293686
1220000.0	369.09979171230975	369.09979171230975
1221000.0	375.64114202546295	375.64114202546295
1222000.0	370.539673622493	370.539673622493
1223000.0	389.4271811949008	389.4271811949008
1224000.0	371.35671353239786	371.35671353239786
1225000.0	380.00304844101635	380.00304844101635
1226000.0	358.6694521728303	358.6694521728303
1227000.0	372.33675894156937	372.33675894156937
1228000.0	381.0424600505354	381.0424600505354
1229000.0	380.7929207677119	380.7929207677119
1230000.0	369.27889652014557	369.27889652014557
1231000.0	375.79006062972843	375.79006062972843
1232000.0	367.50797257749997	367.50797257749997
1233000.0	387.32420901300713	387.32420901300713
1234000.0	386.47195186560657	386.47195186560657
1235000.0	384.53500380333696	384.53500380333696
1236000.0	386.4568587638233	386.4568587638233
1237000.0	368.9850841387505	368.9850841387505
1238000.0	388.6805757599873	388.6805757599873
1239000.0	362.33305107918125	362.33305107918125
1240000.0	376.1341833504061	376.1341833504061
1241000.0	375.6592537476	375.6592537476
1242000.0	371.0447894288658	371.0447894288658
1243000.0	364.0788198521928	364.0788198521928
1244000.0	370.7590267017535	370.7590267017535
1245000.0	361.23024844217144	361.23024844217144
1246000.0	363.51735646582625	363.51735646582625
1247000.0	354.3950857476232	354.3950857476232
1248000.0	357.7125495197322	357.7125495197322
1249000.0	350.9880695716	350.9880695716
1250000.0	352.1854556464567	352.1854556464567
1251000.0	366.1938665155124	366.1938665155124
1252000.0	354.08618026444486	354.08618026444486
1253000.0	364.5235632514249	364.5235632514249
1254000.0	370.7821694578232	370.7821694578232
1255000.0	368.4256331659592	368.4256331659592
1256000.0	374.43570629631984	374.43570629631984
1257000.0	367.16384985682595	367.16384985682595
1258000.0	367.7575118603271	367.7575118603271
1259000.0	376.1734254150413	376.1734254150413
1260000.0	365.3456341952551	365.3456341952551
1261000.0	368.9478544876869	368.9478544876869
1262000.0	356.04325246242684	356.04325246242684
1263000.0	366.8348202379352	366.8348202379352
1264000.0	378.8298113290152	378.8298113290152
1265000.0	383.2420280838476	383.2420280838476
1266000.0	369.1561392923036	369.1561392923036
1267000.0	387.5113634751257	387.5113634751257
1268000.0	383.8568204298469	383.8568204298469
1269000.0	369.95707989363564	369.95707989363564
1270000.0	361.37212359894	361.37212359894
1271000.0	358.90490456066357	358.90490456066357
1272000.0	377.1725887531394	377.1725887531394
1273000.0	371.9634562241108	371.9634562241108
1274000.0	372.4212803115583	372.4212803115583
1275000.0	387.37451935228614	387.37451935228614
1276000.0	384.5812893154728	384.5812893154728
1277000.0	376.86670189031474	376.86670189031474
1278000.0	368.7717683002048	368.7717683002048
1279000.0	370.9200197874522	370.9200197874522
1280000.0	370.4028294996535	370.4028294996535
1281000.0	374.16302425742293	374.16302425742293
1282000.0	383.06795430993714	383.06795430993714
1283000.0	375.0726351916031	375.0726351916031
1284000.0	372.0711203501731	372.0711203501731
1285000.0	372.3206596330002	372.3206596330002
1286000.0	365.4744286638082	365.4744286638082
1287000.0	364.8918349349508	364.8918349349508
1288000.0	369.0846986105264	369.0846986105264
1289000.0	375.3624227458513	375.3624227458513
1290000.0	372.55409960725456	372.55409960725456
1291000.0	350.1076386342044	350.1076386342044
1292000.0	366.9565712589914	366.9565712589914
1293000.0	363.7930571250805	363.7930571250805
1294000.0	356.28675450454284	356.28675450454284
1295000.0	371.71794176842684	371.71794176842684
1296000.0	374.690276613076	374.690276613076
1297000.0	382.050679249702	382.050679249702
1298000.0	373.0632402407669	373.0632402407669
1299000.0	379.81589397889417	379.81589397889417
1300000.0	359.7702423962722	359.7702423962722
1301000.0	362.1750766138436	362.1750766138436
1302000.0	367.5039477503531	367.5039477503531
1303000.0	363.9671308989873	363.9671308989873
1304000.0	368.68825313700177	368.68825313700177
1305000.0	354.40514781547756	354.40514781547756
1306000.0	351.3261550515592	351.3261550515592
1307000.0	351.67832742651603	351.67832742651603
1308000.0	379.2473871450343	379.2473871450343
1309000.0	371.6143024695114	371.6143024695114
1310000.0	374.01008082601066	374.01008082601066
1311000.0	370.3354136450195	370.3354136450195
1312000.0	364.5617991092743	364.5617991092743
1313000.0	368.3230000738332	368.3230000738332
1314000.0	383.9433542134037	383.9433542134037
1315000.0	389.0790336470836	389.0790336470836
1316000.0	374.45884905238955	374.45884905238955
1317000.0	397.6710333892798	397.6710333892798
1318000.0	383.5851445977358	383.5851445977358
1319000.0	385.48285059536653	385.48285059536653
1320000.0	369.6642737190264	369.6642737190264
1321000.0	386.3441636038356	386.3441636038356
1322000.0	375.4871923872648	375.4871923872648
1323000.0	386.74060907736026	386.74060907736026
1324000.0	368.6137938348672	368.6137938348672
1325000.0	371.77227693484906	371.77227693484906
1326000.0	362.77880068519914	362.77880068519914
1327000.0	368.8411965684104	368.8411965684104
1328000.0	386.7053918398646	386.7053918398646
1329000.0	388.38374475823855	388.38374475823855
1330000.0	372.6426458043903	372.6426458043903
1331000.0	387.45400968834605	387.45400968834605
1332000.0	390.36395971228654	390.36395971228654
1333000.0	364.7097115067576	364.7097115067576
1334000.0	369.80514266901275	369.80514266901275
1335000.0	381.00724281303974	381.00724281303974
1336000.0	386.00607812387636	386.00607812387636
1337000.0	376.680553634982	376.680553634982
1338000.0	373.3620836560909	373.3620836560909
1339000.0	375.9218737186426	375.9218737186426
1340000.0	378.31161483443066	378.31161483443066
1341000.0	380.55243734594967	380.55243734594967
1342000.0	373.8682056692421	373.8682056692421
1343000.0	370.4611894932189	370.4611894932189
1344000.0	355.37412495000893	355.37412495000893
1345000.0	381.5314765483354	381.5314765483354
1346000.0	368.68422830985855	368.68422830985855
1347000.0	388.5890109424978	388.5890109424978
1348000.0	372.29550446336253	372.29550446336253
1349000.0	377.5982142234449	377.5982142234449
1350000.0	369.52139235547577	369.52139235547577
1351000.0	369.4600137415493	369.4600137415493
1352000.0	354.5168367686794	354.5168367686794
1353000.0	363.31712131549597	363.31712131549597
1354000.0	387.2889917755078	387.2889917755078
1355000.0	366.52390234118525	366.52390234118525
1356000.0	356.7093613544946	356.7093613544946
1357000.0	370.02751436863065	370.02751436863065
1358000.0	377.15447703099863	377.15447703099863
1359000.0	366.13148169480746	366.13148169480746
1360000.0	353.41805895881276	353.41805895881276
1361000.0	371.32652732883116	371.32652732883116
1362000.0	360.86398917221345	360.86398917221345
1363000.0	369.24569169622146	369.24569169622146
1364000.0	362.8140179226985	362.8140179226985
1365000.0	357.1983778522909	357.1983778522909
1366000.0	372.1747596490849	372.1747596490849
1367000.0	365.17558524848783	365.17558524848783
1368000.0	382.44712472322664	382.44712472322664
1369000.0	372.8086699240144	372.8086699240144
1370000.0	360.15964442229625	360.15964442229625
1371000.0	378.8942085632917	378.8942085632917
1372000.0	386.8251304473492	386.8251304473492
1373000.0	382.18551095897357	382.18551095897357
1374000.0	366.70602576937847	366.70602576937847
1375000.0	370.5286053478565	370.5286053478565
1376000.0	378.6034148022541	378.6034148022541
1377000.0	374.2475456274155	374.2475456274155
1378000.0	379.43554781394226	379.43554781394226
1379000.0	365.0417597460057	365.0417597460057
1380000.0	378.8871651157948	378.8871651157948
1381000.0	369.05551861374187	369.05551861374187
1382000.0	373.9124787678137	373.9124787678137
1383000.0	387.1229676558874	387.1229676558874
1384000.0	385.2987147536054	385.2987147536054
1385000.0	378.0560383108924	378.0560383108924
1386000.0	365.30337351025884	365.30337351025884
1387000.0	375.73572546330985	375.73572546330985
1388000.0	369.5797523490375	369.5797523490375
1389000.0	360.12845201194375	360.12845201194375
1390000.0	367.2876132914537	367.2876132914537
1391000.0	380.95492006019276	380.95492006019276
1392000.0	367.8671883999537	367.8671883999537
1393000.0	369.41473443620293	369.41473443620293
1394000.0	379.3278836878837	379.3278836878837
1395000.0	369.7176026786665	369.7176026786665
1396000.0	366.7553299018753	366.7553299018753
1397000.0	368.8562896701974	368.8562896701974
1398000.0	386.88248423413245	386.88248423413245
1399000.0	369.86350266257455	369.86350266257455
1400000.0	388.470278541799	388.470278541799
1401000.0	385.99601605602203	385.99601605602203
1402000.0	392.0473436645895	392.0473436645895
1403000.0	377.3265383913338	377.3265383913338
1404000.0	367.38521534965435	367.38521534965435
1405000.0	362.14489041027696	362.14489041027696
1406000.0	357.39559438226746	357.39559438226746
1407000.0	376.1140592146938	376.1140592146938
1408000.0	385.2081561428981	385.2081561428981
1409000.0	379.80583191103983	379.80583191103983
1410000.0	369.2165116994369	369.2165116994369
1411000.0	378.72315340973864	378.72315340973864
1412000.0	374.0573725449359	374.0573725449359
1413000.0	384.19188728944874	384.19188728944874
1414000.0	379.2574492128923	379.2574492128923
1415000.0	383.23800325670436	383.23800325670436
1416000.0	388.97237572781074	388.97237572781074
1417000.0	382.1070268296958	382.1070268296958
1418000.0	369.1551330855178	369.1551330855178
1419000.0	386.83418630842135	386.83418630842135
1420000.0	385.5019685242931	385.5019685242931
1421000.0	382.2106661286149	382.2106661286149
1422000.0	376.21669230681977	376.21669230681977
1423000.0	379.9869491324472	379.9869491324472
1424000.0	379.521075390717	379.521075390717
1425000.0	375.09879656802656	375.09879656802656
1426000.0	372.3981375554885	372.3981375554885
1427000.0	377.4674073413202	377.4674073413202
1428000.0	384.178806601237	384.178806601237
1429000.0	382.50145988964886	382.50145988964886
1430000.0	363.2748606304997	363.2748606304997
1431000.0	359.5005789777327	359.5005789777327
1432000.0	375.63611099153394	375.63611099153394
1433000.0	373.9577580731637	373.9577580731637
1434000.0	356.4900082752342	356.4900082752342
1435000.0	373.95373324601684	373.95373324601684
1436000.0	361.86918975102265	361.86918975102265
1437000.0	362.1016235184949	362.1016235184949
1438000.0	377.9594424594739	377.9594424594739
1439000.0	367.93561046137347	367.93561046137347
1440000.0	364.1895025986052	364.1895025986052
1441000.0	361.4586573825041	361.4586573825041
1442000.0	366.0731217012384	366.0731217012384
1443000.0	362.36927452346276	362.36927452346276
1444000.0	349.67295730282666	349.67295730282666
1445000.0	356.5372999941558	356.5372999941558
1446000.0	359.3174493427537	359.3174493427537
1447000.0	356.30687864025515	356.30687864025515
1448000.0	346.97431070386386	346.97431070386386
1449000.0	374.846238664842	374.846238664842
1450000.0	362.6399441487917	362.6399441487917
1451000.0	376.5105046882148	376.5105046882148
1452000.0	366.5349706158254	366.5349706158254
1453000.0	365.32852867989646	365.32852867989646
1454000.0	387.5626800211905	387.5626800211905
1455000.0	380.12580566885833	380.12580566885833
1456000.0	371.560973509875	371.560973509875
1457000.0	394.9321385188923	394.9321385188923
1458000.0	383.4865363327457	383.4865363327457
1459000.0	373.2815871132415	373.2815871132415
1460000.0	374.07749668064827	374.07749668064827
1461000.0	370.59300258213307	370.59300258213307
1462000.0	359.1423693620611	359.1423693620611
1463000.0	389.7360866780792	389.7360866780792
1464000.0	387.78706413437993	387.78706413437993
1465000.0	379.27254231467566	379.27254231467566
1466000.0	375.5063103161914	375.5063103161914
1467000.0	362.18614488848743	362.18614488848743
1468000.0	376.1925433439679	376.1925433439679
1469000.0	372.9143216365014	372.9143216365014
1470000.0	357.62098470223907	357.62098470223907
1471000.0	382.85564467817727	382.85564467817727
1472000.0	363.9208453868515	363.9208453868515
1473000.0	377.94434935769056	377.94434935769056
1474000.0	374.0815215077915	374.0815215077915
1475000.0	368.91163104340177	368.91163104340177
1476000.0	380.75770353021255	380.75770353021255
1477000.0	361.1457270721826	361.1457270721826
1478000.0	374.6892704062902	374.6892704062902
1479000.0	348.6093967304557	348.6093967304557
1480000.0	371.1433976938522	371.1433976938522
1481000.0	373.0823581696934	373.0823581696934
1482000.0	392.4790063756098	392.4790063756098
1483000.0	370.627213612843	370.627213612843
1484000.0	357.98221293826805	357.98221293826805
1485000.0	357.0102171833829	357.0102171833829
1486000.0	365.5659934812977	365.5659934812977
1487000.0	361.2000622386048	361.2000622386048
1488000.0	363.4781144011874	363.4781144011874
1489000.0	366.08821480302174	366.08821480302174
1490000.0	367.5914877407031	367.5914877407031
1491000.0	373.55829397928164	373.55829397928164
1492000.0	360.59533196045976	360.59533196045976
1493000.0	355.931563509225	355.931563509225
1494000.0	359.96444030589134	359.96444030589134
1495000.0	380.08354498386205	380.08354498386205
1496000.0	365.3657583309638	365.3657583309638
1497000.0	357.36339576512916	357.36339576512916
1498000.0	357.2094461269347	357.2094461269347
1499000.0	366.7694167968692	366.7694167968692
1500000.0	369.5344730436875	369.5344730436875
1501000.0	355.35098219394285	355.35098219394285
1502000.0	371.76523348735213	371.76523348735213
1503000.0	375.31412482014383	375.31412482014383
1504000.0	365.29532385597605	365.29532385597605
1505000.0	373.67803258676986	373.67803258676986
1506000.0	387.9540944607898	387.9540944607898
1507000.0	396.02890391518736	396.02890391518736
1508000.0	368.1147152692129	368.1147152692129
1509000.0	355.4375159774997	355.4375159774997
1510000.0	386.1268229381504	386.1268229381504
1511000.0	374.77882281020806	374.77882281020806
1512000.0	367.2916381185969	367.2916381185969
1513000.0	355.2121256575281	355.2121256575281
1514000.0	371.80346934520156	371.80346934520156
1515000.0	359.93928513624996	359.93928513624996
1516000.0	367.07228503933277	367.07228503933277
1517000.0	365.1554611127755	365.1554611127755
1518000.0	369.8192295640103	369.8192295640103
1519000.0	383.40805220346795	383.40805220346795
1520000.0	380.2535939306293	380.2535939306293
1521000.0	381.66932687796435	381.66932687796435
1522000.0	370.7348777388979	370.7348777388979
1523000.0	379.6619443406997	379.6619443406997
1524000.0	357.24063853728717	357.24063853728717
1525000.0	364.2871046568095	364.2871046568095
1526000.0	376.69363432319375	376.69363432319375
1527000.0	362.1267786881362	362.1267786881362
1528000.0	373.7726160246131	373.7726160246131
1529000.0	364.44507912214715	364.44507912214715
1530000.0	377.9986845241128	377.9986845241128
1531000.0	384.9334616904332	384.9334616904332
1532000.0	370.0838619486208	370.0838619486208
1533000.0	379.9175208642416	379.9175208642416
1534000.0	367.94869114958885	367.94869114958885
1535000.0	372.99683059291874	372.99683059291874
1536000.0	360.43232646119316	360.43232646119316
1537000.0	387.7357475883151	387.7357475883151
1538000.0	366.18179203408283	366.18179203408283
1539000.0	365.557943827015	365.557943827015
1540000.0	347.9432878383879	347.9432878383879
1541000.0	363.21951925729167	363.21951925729167
1542000.0	364.845549422815	364.845549422815
1543000.0	371.0961059749306	371.0961059749306
1544000.0	364.4068432642941	364.4068432642941
1545000.0	367.11152710397164	367.11152710397164
1546000.0	380.46892218274655	380.46892218274655
1547000.0	386.17210224349674	386.17210224349674
1548000.0	364.27603638216937	364.27603638216937
1549000.0	378.1103734773146	378.1103734773146
1550000.0	376.5920074378463	376.5920074378463
1551000.0	386.39849877025785	386.39849877025785
1552000.0	379.77564570747313	379.77564570747313
1553000.0	386.1368850060048	386.1368850060048
1554000.0	381.91484133364827	381.91484133364827
1555000.0	382.8767750206754	382.8767750206754
1556000.0	390.97271481757474	390.97271481757474
1557000.0	376.2599591986055	376.2599591986055
1558000.0	373.962789107089	373.962789107089
1559000.0	363.5968468018898	363.5968468018898
1560000.0	377.60827629129926	377.60827629129926
1561000.0	369.0645744748141	369.0645744748141
1562000.0	382.1724302707582	382.1724302707582
1563000.0	387.1129055880294	387.1129055880294
1564000.0	364.0919005404009	364.0919005404009
1565000.0	376.0194757768469	376.0194757768469
1566000.0	369.2617910047906	369.2617910047906
1567000.0	381.69246963403043	381.69246963403043
1568000.0	382.2418585389637	382.2418585389637
1569000.0	390.4897355604896	390.4897355604896
1570000.0	382.5970495342779	382.5970495342779
1571000.0	381.4147565612045	381.4147565612045
1572000.0	369.3040516897869	369.3040516897869
1573000.0	367.06423538505004	367.06423538505004
1574000.0	370.022483334698	370.022483334698
1575000.0	376.74696328283017	376.74696328283017
1576000.0	366.42529407619884	366.42529407619884
1577000.0	378.3488444855016	378.3488444855016
1578000.0	369.8001116350838	369.8001116350838
1579000.0	381.27690623157923	381.27690623157923
1580000.0	352.6281866321172	352.6281866321172
1581000.0	365.5267514166625	365.5267514166625
1582000.0	368.7244765812832	368.7244765812832
1583000.0	370.96932391994176	370.96932391994176
1584000.0	368.67517244879	368.67517244879
1585000.0	384.4454513994191	384.4454513994191
1586000.0	380.8583242087706	380.8583242087706
1587000.0	371.2158445824152	371.2158445824152
1588000.0	366.15965548480256	366.15965548480256
1589000.0	371.06994459850347	371.06994459850347
1590000.0	385.63881264713257	385.63881264713257
1591000.0	377.2299425399153	377.2299425399153
1592000.0	378.4222975808467	378.4222975808467
1593000.0	376.42296469787215	376.42296469787215
1594000.0	383.0760039642235	383.0760039642235
1595000.0	392.1489705499333	392.1489705499333
1596000.0	370.138197115043	370.138197115043
1597000.0	366.7261499050908	366.7261499050908
1598000.0	377.8165610959159	377.8165610959159
1599000.0	372.9817374911354	372.9817374911354
1600000.0	378.0892431348128	378.0892431348128
1601000.0	388.7832088521169	388.7832088521169
1602000.0	384.4333769179895	384.4333769179895
1603000.0	383.245046704205	383.245046704205
1604000.0	366.5943368161766	366.5943368161766
1605000.0	385.8169112481863	385.8169112481863
1606000.0	387.8031634429491	387.8031634429491
1607000.0	357.0343661462421	357.0343661462421
1608000.0	382.0989771754094	382.0989771754094
1609000.0	376.9441798128104	376.9441798128104
1610000.0	371.972512085183	371.972512085183
1611000.0	394.6695185478461	394.6695185478461
1612000.0	386.0996553549338	386.0996553549338
1613000.0	367.03606159505495	367.03606159505495
1614000.0	398.9287918712735	398.9287918712735
1615000.0	405.84445110866744	405.84445110866744
1616000.0	384.34986175479	384.34986175479
1617000.0	375.6099496151068	375.6099496151068
1618000.0	378.5259368797621	378.5259368797621
1619000.0	387.13604834409915	387.13604834409915
1620000.0	373.41843123608106	373.41843123608106
1621000.0	382.26198267467606	382.26198267467606
1622000.0	380.01009188851697	380.01009188851697
1623000.0	377.48250044309987	377.48250044309987
1624000.0	374.71744419628527	374.71744419628527
1625000.0	378.4665706794146	378.4665706794146
1626000.0	376.77413086603946	376.77413086603946
1627000.0	384.39111623299686	384.39111623299686
1628000.0	381.78906548544893	381.78906548544893
1629000.0	382.7620674471161	382.7620674471161
1630000.0	380.1600166995718	380.1600166995718
1631000.0	385.5080057650042	385.5080057650042
1632000.0	380.8965600666237	380.8965600666237
1633000.0	377.33458804561656	377.33458804561656
1634000.0	383.5881632180932	383.5881632180932
1635000.0	360.76437470044124	360.76437470044124
1636000.0	355.3107339225145	355.3107339225145
1637000.0	375.49725445512286	375.49725445512286
1638000.0	377.89102039805414	377.89102039805414
1639000.0	372.5661740886842	372.5661740886842
1640000.0	378.25929208158004	378.25929208158004
1641000.0	357.26780612049646	357.26780612049646
1642000.0	371.03774598136516	371.03774598136516
1643000.0	369.1400399837344	369.1400399837344
1644000.0	371.6857431512886	371.6857431512886
1645000.0	366.62150439938955	366.62150439938955
1646000.0	372.2572686055058	372.2572686055058
1647000.0	387.37150073192873	387.37150073192873
1648000.0	375.1460882869482	375.1460882869482
1649000.0	362.41254141524485	362.41254141524485
1650000.0	378.29048449193255	378.29048449193255
1651000.0	378.0801872737443	378.0801872737443
1652000.0	375.8323213147247	375.8323213147247
1653000.0	391.32086236538834	391.32086236538834
1654000.0	386.03022708673194	386.03022708673194
1655000.0	375.51838479762097	375.51838479762097
1656000.0	380.40452494847	380.40452494847
1657000.0	380.59369182416015	380.59369182416015
1658000.0	397.2172341289755	397.2172341289755
1659000.0	377.30842666919307	377.30842666919307
1660000.0	380.2153580727762	380.2153580727762
1661000.0	371.03472736101145	371.03472736101145
1662000.0	366.3105865026396	366.3105865026396
1663000.0	367.2513898471686	367.2513898471686
1664000.0	376.9733598095876	376.9733598095876
1665000.0	380.58262354952	380.58262354952
1666000.0	371.0005163302979	371.0005163302979
1667000.0	366.06305963338406	366.06305963338406
1668000.0	379.6458450321306	379.6458450321306
1669000.0	383.77833630056915	383.77833630056915
1670000.0	373.862168428531	373.862168428531
1671000.0	379.64282641177317	379.64282641177317
1672000.0	364.11001226254166	364.11001226254166
1673000.0	371.8316431352003	371.8316431352003
1674000.0	372.9123092229262	372.9123092229262
1675000.0	377.2440294349129	377.2440294349129
1676000.0	383.97354041697406	383.97354041697406
1677000.0	373.6931256885532	373.6931256885532
1678000.0	370.13215987432824	370.13215987432824
1679000.0	374.0362422024378	374.0362422024378
1680000.0	372.0006858751781	372.0006858751781
1681000.0	362.8150241294843	362.8150241294843
1682000.0	364.1039750218305	364.1039750218305
1683000.0	374.9267352076877	374.9267352076877
1684000.0	350.8874488930383	350.8874488930383
1685000.0	392.0553933188759	392.0553933188759
1686000.0	365.71994311949584	365.71994311949584
1687000.0	366.98776366934754	366.98776366934754
1688000.0	359.3979458855994	359.3979458855994
1689000.0	368.13785802528264	368.13785802528264
1690000.0	371.10818045635654	371.10818045635654
1691000.0	369.9419867918523	369.9419867918523
1692000.0	386.9458752616232	386.9458752616232
1693000.0	382.57994401892296	382.57994401892296
1694000.0	378.1043362365998	378.1043362365998
1695000.0	357.68538193651926	357.68538193651926
1696000.0	356.87337306054343	356.87337306054343
1697000.0	374.25157045455506	374.25157045455506
1698000.0	378.43034723512943	378.43034723512943
1699000.0	361.6649297735492	361.6649297735492
1700000.0	370.8878211703139	370.8878211703139
1701000.0	382.96029018388214	382.96029018388214
1702000.0	358.71171285782657	358.71171285782657
1703000.0	367.7655615146135	367.7655615146135
1704000.0	372.47662168476626	372.47662168476626
1705000.0	368.3310497281123	368.3310497281123
1706000.0	368.12477733706726	368.12477733706726
1707000.0	369.22053652658013	369.22053652658013
1708000.0	369.2849337608603	369.2849337608603
1709000.0	363.14606616194294	363.14606616194294
1710000.0	362.46788278845287	362.46788278845287
1711000.0	360.8730450332857	360.8730450332857
1712000.0	364.22270742252925	364.22270742252925
1713000.0	355.10144291111203	355.10144291111203
1714000.0	350.804939936621	350.804939936621
1715000.0	366.6607464640248	366.6607464640248
1716000.0	371.28124802348117	371.28124802348117
1717000.0	366.1988975494378	366.1988975494378
1718000.0	354.45545815476027	354.45545815476027
1719000.0	364.1864839782478	364.1864839782478
1720000.0	374.38740837061243	374.38740837061243
1721000.0	352.6855404189005	352.6855404189005
1722000.0	381.62304136582486	381.62304136582486
1723000.0	377.6424873220091	377.6424873220091
1724000.0	383.9393293862642	383.9393293862642
1725000.0	372.96966300970576	372.96966300970576
1726000.0	382.5427143678557	382.5427143678557
1727000.0	379.6760312356972	379.6760312356972
1728000.0	396.92543416115575	396.92543416115575
1729000.0	391.9728843624549	391.9728843624549
1730000.0	391.36815408431363	391.36815408431363
1731000.0	390.13957559910074	390.13957559910074
1732000.0	389.8346949430656	389.8346949430656
1733000.0	374.5665131784482	374.5665131784482
1734000.0	379.33995816930957	379.33995816930957
1735000.0	368.65605451986346	368.65605451986346
1736000.0	371.7813327959213	371.7813327959213
1737000.0	383.3466735895488	383.3466735895488
1738000.0	374.8905117634099	374.8905117634099
1739000.0	381.2245834787286	381.2245834787286
1740000.0	382.2951874986038	382.2951874986038
1741000.0	370.2649791700282	370.2649791700282
1742000.0	369.12796550230485	369.12796550230485
1743000.0	362.5031000259485	362.5031000259485
1744000.0	373.89738566602665	373.89738566602665
1745000.0	376.29618264288695	376.29618264288695
1746000.0	362.43669037810037	362.43669037810037
1747000.0	377.65456180343875	377.65456180343875
1748000.0	371.0266777067214	371.0266777067214
1749000.0	381.62002274546745	381.62002274546745
1750000.0	364.5145073903527	364.5145073903527
1751000.0	374.8884993498383	374.8884993498383
1752000.0	372.4222865183441	372.4222865183441
1753000.0	379.4325291935812	379.4325291935812
1754000.0	365.86584310340754	365.86584310340754
1755000.0	365.4543045280995	365.4543045280995
1756000.0	356.23543795847803	356.23543795847803
1757000.0	369.5737151083227	369.5737151083227
1758000.0	372.7060368318811	372.7060368318811
1759000.0	368.27369594133637	368.27369594133637
1760000.0	380.8241131780644	380.8241131780644
1761000.0	360.5098043836851	360.5098043836851
1762000.0	378.0107590055387	378.0107590055387
1763000.0	354.57117193510527	354.57117193510527
1764000.0	365.00151147458104	365.00151147458104
1765000.0	388.37871372430953	388.37871372430953
1766000.0	379.17896508361457	379.17896508361457
1767000.0	368.3219938670438	368.3219938670438
1768000.0	379.9819180985182	379.9819180985182
1769000.0	362.0533255927875	362.0533255927875
1770000.0	378.7915754711584	378.7915754711584
1771000.0	379.3278836878837	379.3278836878837
1772000.0	385.49492507679616	385.49492507679616
1773000.0	373.48785950428663	373.48785950428663
1774000.0	377.6374562880838	377.6374562880838
1775000.0	366.60238647046305	366.60238647046305
1776000.0	367.1568064093253	367.1568064093253
1777000.0	385.5724029992881	385.5724029992881
1778000.0	372.200921025512	372.200921025512
1779000.0	389.0568970977996	389.0568970977996
1780000.0	385.0934485693388	385.0934485693388
1781000.0	375.76792408044815	375.76792408044815
1782000.0	370.51854327999854	370.51854327999854
1783000.0	373.8873235981723	373.8873235981723
1784000.0	384.0530307530376	384.0530307530376
1785000.0	384.1315148823117	384.1315148823117
1786000.0	384.2321355608734	384.2321355608734
1787000.0	355.4918511439219	355.4918511439219
1788000.0	383.80550388377844	383.80550388377844
1789000.0	383.689790103437	383.689790103437
1790000.0	374.7939159119914	374.7939159119914
1791000.0	358.16634878003646	358.16634878003646
1792000.0	365.4814721113088	365.4814721113088
1793000.0	366.684895426884	366.684895426884
1794000.0	372.13853620480336	372.13853620480336
1795000.0	365.79037759449085	365.79037759449085
1796000.0	379.64282641177317	379.64282641177317
1797000.0	349.1336304657477	349.1336304657477
1798000.0	356.5926413673638	356.5926413673638
1799000.0	367.03505538826914	367.03505538826914
1800000.0	359.99965754339064	359.99965754339064
1801000.0	370.14926538968314	370.14926538968314
1802000.0	372.66880718081745	372.66880718081745
1803000.0	378.8116996068708	378.8116996068708
1804000.0	356.2505310602613	356.2505310602613
1805000.0	357.99931845362664	357.99931845362664
1806000.0	371.32853974240277	371.32853974240277
1807000.0	370.9914604692257	370.9914604692257
1808000.0	378.99684165542135	378.99684165542135
1809000.0	381.2779124383687	381.2779124383687
1810000.0	378.57725342583063	378.57725342583063
1811000.0	363.80412539972065	363.80412539972065
1812000.0	373.29064297431376	373.29064297431376
1813000.0	364.6080846214138	364.6080846214138
1814000.0	369.91884403578257	369.91884403578257
1815000.0	380.6198532005873	380.6198532005873
1816000.0	368.275708354908	368.275708354908
1817000.0	384.50884242690984	384.50884242690984
1818000.0	368.3380931756129	368.3380931756129
1819000.0	377.7732942041375	377.7732942041375
1820000.0	380.6792194009385	380.6792194009385
1821000.0	361.32785050037575	361.32785050037575
1822000.0	384.63461827510923	384.63461827510923
1823000.0	355.1265980807534	355.1265980807534
1824000.0	380.76273456414157	380.76273456414157
1825000.0	368.2062800866987	368.2062800866987
1826000.0	367.7404063449685	367.7404063449685
1827000.0	375.7880482161568	375.7880482161568
1828000.0	351.4972102051123	351.4972102051123
1829000.0	361.7585070046103	361.7585070046103
1830000.0	376.61515019391965	376.61515019391965
1831000.0	388.8888605646076	388.8888605646076
1832000.0	376.59401985142154	376.59401985142154
1833000.0	390.93045413257846	390.93045413257846
1834000.0	364.49538946142616	364.49538946142616
1835000.0	368.39544696239255	368.39544696239255
1836000.0	370.1955509018226	370.1955509018226
1837000.0	368.97502207089616	368.97502207089616
1838000.0	377.0498315252937	377.0498315252937
1839000.0	371.0518328763627	371.0518328763627
1840000.0	355.67296836533296	355.67296836533296
1841000.0	363.49018888262066	363.49018888262066
1842000.0	372.45046030833913	372.45046030833913
1843000.0	364.2136515614607	364.2136515614607
1844000.0	386.49106979453313	386.49106979453313
1845000.0	367.68607117855	367.68607117855
1846000.0	358.7076880306834	358.7076880306834
1847000.0	372.76942785937183	372.76942785937183
1848000.0	378.90628304471767	378.90628304471767
1849000.0	376.6765288078425	376.6765288078425
1850000.0	373.3681208968057	373.3681208968057
1851000.0	366.53094578868223	366.53094578868223
1852000.0	374.21434080349144	374.21434080349144
1853000.0	368.5171979834524	368.5171979834524
1854000.0	374.8361765969877	374.8361765969877
1855000.0	352.4239266546437	352.4239266546437
1856000.0	372.18280930337494	372.18280930337494
1857000.0	377.9010824659121	377.9010824659121
1858000.0	368.00000769565366	368.00000769565366
1859000.0	361.9587421549442	361.9587421549442
1860000.0	350.0754400170661	350.0754400170661
1861000.0	370.9300818553065	370.9300818553065
1862000.0	361.9597483617263	361.9597483617263
1863000.0	374.1962290813507	374.1962290813507
1864000.0	386.23046223706586	386.23046223706586
1865000.0	375.1189207037389	375.1189207037389
1866000.0	380.41659942989594	380.41659942989594
1867000.0	372.22808860872493	372.22808860872493
1868000.0	373.5190519146428	373.5190519146428
1869000.0	378.620520317609	378.620520317609
1870000.0	369.9621109275646	369.9621109275646
1871000.0	378.1938886405177	378.1938886405177
1872000.0	371.2923162981213	371.2923162981213
1873000.0	372.50882030190456	372.50882030190456
1874000.0	370.44106535751024	370.44106535751024
1875000.0	363.9872550346997	363.9872550346997
1876000.0	380.4578539081064	380.4578539081064
1877000.0	380.7798400794965	380.7798400794965
1878000.0	385.19708786825794	385.19708786825794
1879000.0	383.7109204459315	383.7109204459315
1880000.0	381.62102895225325	381.62102895225325
1881000.0	392.3381374256271	392.3381374256271
1882000.0	373.42648089036743	373.42648089036743
1883000.0	360.6858905711635	360.6858905711635
1884000.0	372.77948992722986	372.77948992722986
1885000.0	373.9798946224476	373.9798946224476
1886000.0	373.450629853223	373.450629853223
1887000.0	370.8193991088905	370.8193991088905
1888000.0	368.80698553770054	368.80698553770054
1889000.0	381.8987420250791	381.8987420250791
1890000.0	374.9257290009056	374.9257290009056
1891000.0	380.9659883348329	380.9659883348329
1892000.0	375.04647381517594	375.04647381517594
1893000.0	375.0213186455346	375.0213186455346
1894000.0	358.215652912526	358.215652912526
1895000.0	363.31611510871016	363.31611510871016
1896000.0	376.35554884323454	376.35554884323454
1897000.0	377.6938038680776	377.6938038680776
1898000.0	365.55190658630016	365.55190658630016
1899000.0	362.82810481769604	362.82810481769604
1900000.0	365.97048860910877	365.97048860910877
1901000.0	361.23829809645787	361.23829809645787
1902000.0	370.8888273770997	370.8888273770997
1903000.0	368.0986159606401	368.0986159606401
1904000.0	375.1933800058735	375.1933800058735
1905000.0	363.6994798940194	363.6994798940194
1906000.0	368.77780554091964	368.77780554091964
1907000.0	358.5004094328525	358.5004094328525
1908000.0	358.1210694746828	358.1210694746828
1909000.0	367.9104552917358	367.9104552917358
1910000.0	383.350698416692	383.350698416692
1911000.0	379.24436852468057	379.24436852468057
1912000.0	366.79356575972844	366.79356575972844
1913000.0	368.2948262838345	368.2948262838345
1914000.0	373.80179602139765	373.80179602139765
1915000.0	373.8611622217452	373.8611622217452
1916000.0	372.77647130687245	372.77647130687245
1917000.0	354.27937196728186	354.27937196728186
1918000.0	361.77158769282204	361.77158769282204
1919000.0	361.9094380224473	361.9094380224473
1920000.0	382.1985916471816	382.1985916471816
1921000.0	375.95709095613825	375.95709095613825
1922000.0	350.1026076002754	350.1026076002754
1923000.0	347.28824722096755	347.28824722096755
1924000.0	376.9582667078079	376.9582667078079
1925000.0	360.59231334010605	360.59231334010605
1926000.0	358.4752542632148	358.4752542632148
1927000.0	368.8160413987727	368.8160413987727
1928000.0	367.87423184745796	367.87423184745796
1929000.0	354.4876567718985	354.4876567718985
1930000.0	362.3048772891862	362.3048772891862
1931000.0	366.7613671425865	366.7613671425865
1932000.0	368.5182041902345	368.5182041902345
1933000.0	366.7633795561581	366.7633795561581
1934000.0	358.33639772680004	358.33639772680004
1935000.0	375.59686892689507	375.59686892689507
1936000.0	367.53010912678025	367.53010912678025
1937000.0	377.6807231798622	377.6807231798622
1938000.0	382.22575923039824	382.22575923039824
1939000.0	381.03139177589526	381.03139177589526
1940000.0	380.7275173266459	380.7275173266459
1941000.0	390.1657369755242	390.1657369755242
1942000.0	381.35136553371376	381.35136553371376
1943000.0	381.07767728803475	381.07767728803475
1944000.0	383.0256936249445	383.0256936249445
1945000.0	367.3017001864512	367.3017001864512
1946000.0	380.26868703241263	380.26868703241263
1947000.0	375.8715633793636	375.8715633793636
1948000.0	387.415773830493	387.415773830493
1949000.0	396.76041624831754	396.76041624831754
1950000.0	375.8443957961543	375.8443957961543
1951000.0	376.6634481196271	376.6634481196271
1952000.0	391.74246300855435	391.74246300855435
1953000.0	379.70923605962133	379.70923605962133
1954000.0	381.049503498036	381.049503498036
1955000.0	388.5588247389311	388.5588247389311
1956000.0	381.30709243514957	381.30709243514957
1957000.0	375.90778682364504	375.90778682364504
1958000.0	374.30993044812044	374.30993044812044
1959000.0	371.6153086762972	371.6153086762972
1960000.0	375.8554640707944	375.8554640707944
1961000.0	376.64433019070054	376.64433019070054
1962000.0	380.0151229224459	380.0151229224459
1963000.0	391.61869957392656	391.61869957392656
1964000.0	379.64282641177317	379.64282641177317
1965000.0	374.43771870989144	374.43771870989144
1966000.0	379.95877534244846	379.95877534244846
1967000.0	395.12231160136827	395.12231160136827
1968000.0	390.9455472343618	390.9455472343618
1969000.0	385.92457537424485	385.92457537424485
1970000.0	385.2091623496875	385.2091623496875
1971000.0	388.52863853536445	388.52863853536445
1972000.0	397.78372854926744	397.78372854926744
1973000.0	400.09297312220616	400.09297312220616
1974000.0	404.35526506598734	404.35526506598734
1975000.0	377.6666362848647	377.6666362848647
1976000.0	379.44158505465344	379.44158505465344
1977000.0	378.1476031283782	378.1476031283782
1978000.0	380.4890463184589	380.4890463184589
1979000.0	384.4031907144228	384.4031907144228
1980000.0	369.41976547012825	369.41976547012825
1981000.0	391.14578238469574	391.14578238469574
1982000.0	368.198230432416	368.198230432416
1983000.0	384.76039412331227	384.76039412331227
1984000.0	372.1636913744484	372.1636913744484
1985000.0	374.2324525256322	374.2324525256322
1986000.0	372.6667947672422	372.6667947672422
1987000.0	357.5656433290347	357.5656433290347
1988000.0	383.77229905985433	383.77229905985433
1989000.0	380.1358677367163	380.1358677367163
1990000.0	388.6674950717719	388.6674950717719
1991000.0	382.16136199611805	382.16136199611805
1992000.0	389.9826073405489	389.9826073405489
1993000.0	367.3439608714475	367.3439608714475
1994000.0	381.5123586194088	381.5123586194088
1995000.0	388.20866477754595	388.20866477754595
1996000.0	378.1838265726597	378.1838265726597
1997000.0	374.9418283094747	374.9418283094747
1998000.0	379.82394363318423	379.82394363318423
1999000.0	381.7005192883168	381.7005192883168
2000000.0	385.6730236778461	385.6730236778461
