0	419.07808275281093
1000	420.72323084726077
2000	429.61910503870274
3000	436.10310156508
4000	422.8362650970088
5000	420.3116922719528
6000	436.6867015007268
7000	417.8444732336727
8000	425.4473717056253
9000	420.0913329859065
10000	426.93454533474113
11000	425.5540296249018
12000	417.2799912269524
13000	427.34407149647757
14000	419.7552599195189
15000	428.48510999134044
16000	412.55685657537003
17000	427.6268156032251
18000	416.87549609914504
19000	423.8042360247507
20000	409.5633913882264
21000	417.4168353497956
22000	420.3217543398108
23000	425.72206615809375
24000	418.6061717703696
25000	434.0413838613968
26000	428.9791575230694
27000	424.19967529148954
28000	426.8439867240338
29000	421.9186045085459
30000	404.7064312341583
31000	430.27817048326995
32000	419.5268509791862
33000	414.2120667376779
34000	411.0525774309066
35000	409.7213658535641
36000	413.9031612544959
37000	405.9380283397249
38000	417.44299672621906
39000	417.63618842905606
40000	422.97009059949454
41000	424.91408210926477
42000	401.7683074202227
43000	416.2768030617185
44000	414.67190323868965
45000	419.32057858814113
46000	419.7633095738016
47000	429.79921605332436
48000	409.3380010682512
49000	417.87969047116843
50000	429.2166223244669
51000	429.7780857108298
52000	421.7958472807039
53000	438.38115372766623
54000	428.2627382917226
55000	417.83742978617215
56000	423.2166112619643
57000	422.86242647343227
58000	425.91022682700174
59000	425.53189307561786
60000	421.41248249539467
61000	422.2104044763693
62000	421.0764094290034
63000	422.97109680628034
64000	425.47655170240984
65000	418.887909670335
66000	426.7212294961918
67000	436.67764563965466
68000	418.476371095027
69000	421.62881695429775
70000	434.17017832995356
71000	424.9734483096123
72000	431.11130970174025
73000	436.68770770751263
74000	422.8966375041458
75000	417.9913794243702
76000	415.9336865478266
77000	431.86697099772596
78000	420.59946741263303
79000	423.5375912265686
80000	402.45454044799556
81000	410.5414243838263
82000	402.0832501441122
83000	403.045183831143
84000	419.4916337416905
85000	428.203372091375
86000	411.6995683940442
87000	401.0589316363765
88000	404.82616984164287
89000	418.0970311368573
90000	404.734605024157
91000	419.52584477240043
92000	425.20286345672713
93000	407.3638233549143
94000	424.5991393853716
95000	428.8755182241503
96000	440.91176379343705
97000	413.17768616208417
98000	421.2716135454119
99000	429.26894507731754
100000	413.5379081913237
101000	421.26054527076815
102000	415.068348712218
103000	410.3572885420579
104000	428.66220238560464
105000	423.0666864509094
106000	411.3051353340911
107000	407.3115006020637
108000	410.6028029977455
109000	424.2208056339877
110000	428.431781031704
111000	408.87212732652097
112000	416.92278781806664
113000	417.54462361156294
114000	410.6641816116683
115000	410.9107022741381
116000	398.5907063913106
117000	399.09481599089395
118000	410.87246641628496
119000	424.23388632219945
120000	428.0101803885417
121000	415.1921121468458
122000	423.8022236111791
123000	438.6176123222817
124000	436.4442056653966
125000	423.2196298823217
126000	440.0826494021099
127000	418.2509807750554
128000	429.87870638939154
129000	434.20036453352026
130000	425.4393220513426
131000	420.3448970958769
132000	409.75054585034496
133000	407.3296123242044
134000	426.3479267787369
135000	408.1557080951778
136000	416.17517617636736
137000	420.8107708376071
138000	420.5461384529966
139000	444.78465371119415
140000	421.0049687472262
141000	429.9662463797342
142000	420.08831436554914
143000	419.0951882681659
144000	426.3489329855227
145000	427.94578315426145
146000	421.95281553925577
147000	420.50488397478614
148000	441.29512857875
149000	428.433793445272
150000	410.82215607700596
151000	418.9955737963936
152000	425.62949513381847
153000	425.4674958413413
154000	403.562374118938
155000	422.38950928420513
156000	427.07038325079486
157000	417.9189325358073
158000	423.25182849946
159000	417.60600222548936
160000	427.16798530899547
161000	416.7939933495135
162000	414.13257640161436
163000	412.6212538096503
164000	430.9825152331835
165000	414.3690349962261
166000	406.4451565596693
167000	412.9080227435447
168000	414.52801566834955
169000	415.5312038335908
170000	405.7398056029662
171000	423.73480775654514
172000	414.556189458352
173000	417.74586496868267
174000	416.2647285802889
175000	413.2883689085002
176000	405.3725401262225
177000	416.1620954881556
178000	402.2402184026677
179000	414.62461151976805
180000	407.46243161990435
181000	401.23602403064433
182000	406.63633584892733
183000	411.76597804189237
184000	411.02037881376833
185000	416.9821540184179
186000	409.79180032855913
187000	408.875145946882
188000	406.5437648246557
189000	408.5783149451296
190000	420.661852233338
191000	421.89445554569403
192000	430.9100683446242
193000	434.1188617838851
194000	438.92450539188474
195000	431.7693689395217
196000	420.4515550151497
197000	418.93822000961404
198000	430.82051594070634
199000	443.2340890545912
200000	430.1725187707829
201000	430.52368493895386
202000	425.38498688492035
203000	426.8802101683153
204000	425.9544999255696
205000	414.0722039944773
206000	428.2878934613639
207000	410.5675857602498
208000	423.80322981796854
209000	405.28500013587615
210000	417.4762015501468
211000	419.42019305991334
212000	410.16409683922825
213000	417.9430814986628
214000	410.2757857924264
215000	422.41567066063226
216000	419.99071230734484
217000	424.52870491038027
218000	417.470164309432
219000	411.2598560287411
220000	419.22498894350844
221000	417.2357181283882
222000	413.2400709827891
223000	398.57460708274516
224000	412.9694013574639
225000	417.0465512526944
226000	410.58066644846156
227000	407.5006674777575
228000	410.70644229666095
229000	406.9402102981803
230000	395.845774280212
231000	399.6130124854784
232000	413.7280812738033
233000	404.11880647136826
234000	413.9987508991286
235000	413.5509888795391
236000	405.47617942514154
237000	409.9970665128184
238000	399.3745414772914
239000	406.513578621089
240000	420.488784666217
241000	400.07083657292225
242000	419.00966069139116
243000	421.19413562292
244000	415.3671921275384
245000	410.9368636505652
246000	413.23503994886016
247000	422.76180579487425
248000	411.0777326005479
249000	427.0271163590128
250000	420.45658604907504
251000	425.781432358445
252000	414.0239060687699
253000	418.02458424829433
254000	421.87433140998166
255000	426.59847226834984
256000	426.04103370913015
257000	419.7522412991615
258000	428.8976547734342
259000	423.3373560762347
260000	430.0256125800854
261000	432.4767323097963
262000	416.16813272887043
263000	418.97041862675593
264000	420.8822115193842
265000	430.8104538728483
266000	435.0385347859196
267000	429.3001374876737
268000	416.1057479081654
269000	420.24930745124783
270000	421.87231899641006
271000	425.87199096914867
272000	421.41047008182306
273000	426.8510301715344
274000	417.72976566011715
275000	406.99454546460254
276000	429.8777001826021
277000	411.25985602873743
278000	411.4973208301423
279000	411.0425153630486
280000	417.5738036083511
281000	425.2863786199339
282000	429.3444105862379
283000	414.0893095098323
284000	414.2362157005298
285000	409.231343148982
286000	417.9430814986628
287000	409.69822309749435
288000	418.6162338382276
289000	409.23134314897834
290000	410.35326371491834
291000	409.3691934786037
292000	431.977653744142
293000	406.49144207180507
294000	416.3019582313562
295000	399.95109796543767
296000	406.4501875935946
297000	405.6482407854731
298000	393.9500806961492
299000	437.571157265262
300000	426.6427453669177
301000	413.71097575844834
302000	409.38629899396227
303000	403.95982579924845
304000	420.80171497653856
305000	428.11583210102873
306000	411.11697466518314
307000	403.4698030946627
308000	430.0356746479434
309000	426.51294469157517
310000	408.9264624929432
311000	412.0899766268577
312000	410.5695981738214
313000	416.80304921058206
314000	404.0191919995997
315000	401.68579846380175
316000	416.8070740377253
317000	413.34572269527615
318000	412.48440968681075
319000	405.4258690858589
320000	404.45085471061634
321000	407.6968778009482
322000	403.6006099767911
323000	415.99104033460986
324000	420.0339791991269
325000	421.5714631675181
326000	425.7391716734487
327000	406.3596289828909
328000	406.3244117453952
329000	422.02928725496196
330000	420.62462258227066
331000	399.6673476519006
332000	404.09163888816266
333000	408.5410852940623
334000	405.20249117945883
335000	416.01217067710434
336000	442.25806847256285
337000	432.3016523291037
338000	422.5243409934767
339000	417.78812565367895
340000	419.20083998065655
341000	411.41380566693556
342000	411.48323393514477
343000	410.3079844095647
344000	403.69116858749476
345000	431.4896434531242
346000	417.5999649847709
347000	406.24592761611746
348000	421.6569907442928
349000	418.08093182828816
350000	424.4602828489605
351000	401.1545212810092
352000	421.95180933246996
353000	426.00782888520604
354000	420.7091439522632
355000	426.30868471409804
356000	418.24594974112637
357000	420.777566013683
358000	424.2167808068445
359000	403.62677135321456
360000	430.3365304768354
361000	418.3838000707517
362000	402.7735079990319
363000	420.3187357194534
364000	412.578993124654
365000	426.15372886911774
366000	421.9598589867564
367000	407.5378971288211
368000	422.74973131345195
369000	429.8374519111774
370000	407.3396743920587
371000	403.9779375213892
372000	403.47483412858804
373000	393.8041807122375
374000	422.96807818592293
375000	403.1025376179189
376000	415.72640794999575
377000	413.8558695355743
378000	413.13140064994474
379000	422.9851837012779
380000	415.1951307671995
381000	417.3323139798067
382000	415.520135558947
383000	415.9024941374741
384000	406.325417952181
385000	412.9392151538972
386000	419.6858316513133
387000	416.5514975141833
388000	415.7596127739198
389000	428.61289825311144
390000	428.4005886213516
391000	435.52050783621894
392000	403.70022444856335
393000	429.88474363010266
394000	410.30999682313626
395000	408.4927873683549
396000	440.14805284317225
397000	424.7239090267852
398000	418.4230421353906
399000	413.02876755781506
400000	416.4237092524124
401000	434.9540134159307
402000	432.86814674939194
403000	420.84598807510275
404000	426.55621158335725
405000	420.950633580804
406000	433.09957431007837
407000	429.9903953425934
408000	429.4581119530113
409000	410.5424305906121
410000	413.3296233867107
411000	411.68246287868925
412000	429.57281952656695
413000	426.8349308629652
414000	436.21680293184977
415000	434.73667275024184
416000	429.8766939758163
417000	399.2256228730223
418000	419.19480273994174
419000	428.15004313173495
420000	415.91859344604325
421000	416.2788154752864
422000	427.19213427185105
423000	413.6747523141669
424000	425.1233731206672
425000	433.24245567363266
426000	428.6732706602448
427000	422.739669245594
428000	427.5593997485948
429000	417.29206570838204
430000	427.3953880425424
431000	403.6871437603516
432000	411.8494932050991
433000	405.70156974511315
434000	404.45186091740584
435000	418.8064069206998
436000	413.42521303133975
437000	405.2729256544502
438000	414.59543152298716
439000	423.83240981474944
440000	418.7279227914257
441000	411.8535180322423
442000	418.6806310725005
443000	406.52062206858596
444000	410.1560471849418
445000	407.7753619302223
446000	421.8300583114138
447000	413.1243572024441
448000	427.0321473929418
449000	421.0935149443583
450000	427.94477694747565
451000	415.936705168184
452000	422.0856348349557
453000	414.75139357475325
454000	424.51964904931174
455000	403.740472719988
456000	415.16293215006124
457000	430.47639322003226
458000	407.02976270209825
459000	426.70110536047946
460000	429.4359754037274
461000	426.6618632958443
462000	424.79937453570557
463000	418.8557110531967
464000	431.47857517848405
465000	429.4752174683663
466000	421.1015645986447
467000	426.9315267143801
468000	414.35897292837177
469000	423.4389829615785
470000	404.0483719963806
471000	420.60852327370156
472000	424.074905650076
473000	420.727255674404
474000	405.05860360911873
475000	412.1654421357744
476000	406.01852488257424
477000	424.4331152657476
478000	404.2455885263571
479000	407.39602197205625
480000	426.77657086939985
481000	404.0705085456645
482000	416.4458458016963
483000	424.2831904546963
484000	410.6661940252363
485000	411.90282216473554
486000	401.6294508838079
487000	411.33934636480103
488000	415.09048526150195
489000	423.2588719469569
490000	418.516619366448
491000	421.4607804211021
492000	433.06033224544313
493000	420.1024012605466
494000	413.98567021091685
495000	445.8693446260632
496000	434.29796659172086
497000	411.6069973697689
498000	415.5312038335908
499000	417.3584753562302
500000	407.07604821423405
501000	419.73815440416394
502000	410.83020573128874
503000	415.18708111291676
504000	405.808227664386
505000	420.13862470482815
506000	424.44820836753456
507000	407.9896839755574
508000	408.044019141976
509000	424.42506561146485
510000	429.9441098304539
511000	431.34978070993094
512000	416.1037354945939
513000	432.62967574120495
514000	415.96990999210806
515000	419.97058817163617
516000	425.9323633762857
517000	421.6972390157175
518000	416.2949147838556
519000	421.70528867000024
520000	412.32442280789786
521000	412.98046963210766
522000	424.8064179832025
523000	429.1451816426898
524000	425.0016220996111
525000	429.06166647948305
526000	398.2516147045656
527000	409.5080500150184
528000	415.8058982860593
529000	411.1320677669665
530000	420.29861158374104
531000	440.36438730207533
532000	422.46195617276805
533000	421.4446811125329
534000	416.1359341117321
535000	429.7519243344027
536000	441.06269481127777
537000	429.5225091872916
538000	423.7448698244031
539000	428.51127136776756
540000	418.7983572664171
541000	426.30969092088014
542000	430.74907525892917
543000	429.27296990446075
544000	419.3588144459942
545000	424.95433038068944
546000	423.97830979866114
547000	416.1057479081654
548000	421.9075362339058
549000	422.0302934617514
550000	442.8084635842857
551000	420.28854951588306
552000	419.2652372149331
553000	421.75258038892184
554000	443.54198833098377
555000	425.5590606588271
556000	415.5452907285883
557000	421.06232253400583
558000	408.63969355904874
559000	419.00563586424795
560000	401.7129660470147
561000	405.2145656608848
562000	410.9086898605665
563000	409.67910516856784
564000	421.44166249217557
565000	390.5712383101211
566000	417.3796056987283
567000	409.37724313289004
568000	405.3433601294416
569000	403.7988327135534
570000	402.39316183407635
571000	399.8283407375957
572000	423.3916912426569
573000	423.2659153944575
574000	424.9040200414068
575000	399.11393391982045
576000	416.5404292395432
577000	437.2481648870861
578000	428.7728851320207
579000	420.7765598068972
580000	416.60281406024814
581000	405.48624149299224
582000	399.70155868260684
583000	407.41614610776855
584000	420.96975150973054
585000	415.06029905793156
586000	417.90082081366654
587000	404.152011295296
588000	403.7213547910651
589000	412.8456379228397
590000	417.21660019946165
591000	409.71432240606714
592000	413.2098847792225
593000	407.32256887670746
594000	407.36684197527165
595000	421.8159714164163
596000	435.39775060837695
597000	420.29056192945467
598000	426.69406191298253
599000	428.94796511271323
600000	426.6196026108443
601000	439.7526135764334
602000	420.777566013683
603000	417.5144374079999
604000	424.8698090106969
605000	425.85287304022216
606000	421.1267197682824
607000	425.49868825169375
608000	416.6742547420253
609000	424.32444493290313
610000	419.4815716738362
611000	431.3517931234989
612000	429.8294022568947
613000	427.42054321218006
614000	439.9458052792667
615000	421.68113970714467
616000	417.1773581348228
617000	417.66234980547955
618000	416.58872716524695
619000	428.15104933852075
620000	410.761783669869
621000	420.6638646469096
622000	405.94104696008594
623000	409.22933073541043
624000	408.1617453358926
625000	404.756741573441
626000	423.8947946354544
627000	427.8431500621318
628000	408.09835430840184
629000	410.9338450302078
630000	414.62058669262484
631000	411.1511856958967
632000	412.7762096546342
633000	411.2326884455282
634000	412.5850303653688
635000	399.90179383294446
636000	412.90701653675893
637000	419.05192137638744
638000	403.76260926927193
639000	409.7757010199863
640000	424.3153890718346
641000	410.75876504951157
642000	411.45807876550344
643000	412.58905519250834
644000	412.00243663650775
645000	409.9527934142505
646000	426.8651170665319
647000	420.01687368377196
648000	425.76432684309003
649000	413.98164538377364
650000	413.51677784882924
651000	414.5451211837045
652000	433.1830894732851
653000	415.4456762568161
654000	399.60596903797784
655000	405.9833076450786
656000	418.7490531339239
657000	411.6552952954763
658000	419.4584289177701
659000	414.1718184662496
660000	414.33381775873045
661000	413.3205675256385
662000	421.5422831707372
663000	428.66622721274786
664000	431.84483444844204
665000	436.59614289002315
666000	418.6947179675017
667000	423.02241335234515
668000	432.30567715624323
669000	428.253682430654
670000	431.6727730881032
671000	418.7540841678529
672000	410.23855614135914
673000	417.3514319087296
674000	420.9415777197318
675000	411.28802981873616
676000	408.79364319724687
677000	409.7877755014159
678000	406.01852488257424
679000	429.8233650161835
680000	422.9811588741347
681000	412.3978759032466
682000	419.71803026845157
683000	408.0228887994815
684000	418.81345036820045
685000	435.49434645979545
686000	415.9860093006772
687000	428.9882133841379
688000	405.0445167141212
689000	416.14197135244694
690000	409.7344465417795
691000	409.50603760144685
692000	418.03464631614867
693000	415.4446700500303
694000	408.3831108287247
695000	414.77151771046556
696000	416.28284030242963
697000	429.62212365906015
698000	422.67929683845693
699000	428.8714933970071
700000	427.716368007143
701000	406.3626476032483
702000	418.7510655474955
703000	416.4528892491969
704000	413.35075372920517
705000	413.00562480174534
706000	412.4864221003787
707000	430.9553476499742
708000	411.934014575088
709000	415.13978939399146
710000	427.5694618164455
711000	433.91057697926846
712000	423.63619949155503
713000	411.1310615601807
714000	409.0824245447092
715000	435.66741402691645
716000	402.80973144331335
717000	434.34525831064616
718000	418.2137511239845
719000	424.4824193982444
720000	402.0882811780412
721000	421.4728549025317
722000	416.0805927385278
723000	420.06114678233985
724000	407.91019363949385
725000	406.2227848600514
726000	408.9445742150876
727000	400.5960765150037
728000	405.43693736049903
729000	401.2994150581351
730000	393.97221724543317
731000	402.8721162640183
732000	393.82430484794617
733000	412.2892055704022
734000	413.4604302688354
735000	413.95145918020694
736000	405.50837804227984
737000	397.48589134073285
738000	409.5311927710882
739000	410.7024174695214
740000	418.4552407525325
741000	432.08531787020064
742000	430.2177980761329
743000	427.7606411057109
744000	426.13762956054495
745000	418.47033385431587
746000	414.00579434662916
747000	422.97009059949454
748000	414.55015221763716
749000	420.7795784272546
750000	432.7836253794031
751000	413.9081922884249
752000	421.31387423040456
753000	421.80087831463294
754000	429.5074160855046
755000	425.25921103672096
756000	412.0768959386423
757000	411.5758049594164
758000	406.06984142863905
759000	416.9046760959259
760000	411.6512704683331
761000	390.9465534411476
762000	419.833744048793
763000	437.03887387568363
764000	418.7057862421418
765000	429.45006229872496
766000	427.6358714642973
767000	415.6096879628649
768000	410.2466057956455
769000	411.1320677669665
770000	420.6125481008447
771000	412.1362621389899
772000	417.25081123017156
773000	406.4240262171711
774000	423.78209947546674
775000	401.22093092885734
776000	421.0039625404404
777000	434.5756796645468
778000	421.5644197200175
779000	415.72842036356735
780000	418.90803380604734
781000	423.2820147030267
782000	435.84651883475226
783000	441.47523959337155
784000	422.12185827923724
785000	414.1466632966082
786000	435.32832234017144
787000	408.93350594044375
788000	414.55115842442297
789000	410.9811367491294
790000	415.06432388507477
791000	405.0837587787564
792000	419.31252893385476
793000	404.7637850209379
794000	428.426749997775
795000	412.37171452681946
796000	401.00057164281105
797000	418.64440762822267
798000	423.98132841901855
799000	421.43663145824655
800000	423.6945594851241
801000	410.9559815794881
802000	412.74300483070647
803000	428.3854955195682
804000	400.35961792038825
805000	413.234033742078
806000	413.3960330345552
807000	413.3155364917095
808000	419.4926399484763
809000	410.96805606091766
810000	419.36082685956217
811000	405.0565911955471
812000	400.04870002364197
813000	400.199631041479
814000	413.8246771252218
815000	408.08829224054386
816000	405.58183113762493
817000	414.80271012081806
818000	414.47971774264215
819000	407.936355015921
820000	420.5883991379892
821000	430.32948702933476
822000	414.2623770769569
823000	424.19967529148954
824000	409.4416403671666
825000	419.0247537931745
826000	424.1423215047136
827000	424.1644580539939
828000	421.2685949250509
829000	411.7981766590306
830000	420.192959871254
831000	408.2472729126673
832000	410.937869857351
833000	414.4092832676508
834000	423.69254707154886
835000	401.6244198498826
836000	413.2612013252873
837000	418.3606573146856
838000	435.4842843919375
839000	429.64526641512987
840000	421.6932141885743
841000	424.8335855664154
842000	420.2402515901756
843000	409.0512321343604
844000	436.6353849546584
845000	431.76333169881053
846000	419.9464392087806
847000	409.93568789889923
848000	420.57431224299535
849000	412.3314662553985
850000	435.34643406231214
851000	409.59559000536836
852000	420.7664977390392
853000	416.63601888417224
854000	419.13141171244735
855000	425.23506207386544
856000	432.9818481161654
857000	431.7069841188167
858000	441.9048898908203
859000	430.42407046718165
860000	416.6651988809568
861000	432.53006126943274
862000	416.8181423123654
863000	442.57301119645604
864000	433.8884404299845
865000	426.0319778480579
866000	409.99404789246097
867000	424.15942702006487
868000	417.22062502660486
869000	420.6779515419071
870000	431.15960762745135
871000	436.047760191872
872000	415.347067991826
873000	431.33770622850136
874000	422.739669245594
875000	413.38999579384404
876000	419.79349577737196
877000	414.8469832193859
878000	396.3116480219386
879000	418.2670800836209
880000	428.8252078848713
881000	432.33888198016734
882000	427.4165183850405
883000	422.17116241173045
884000	420.57330603620585
885000	411.40978083979604
886000	411.226651204817
887000	412.69269449142746
888000	408.08426741340065
889000	411.7700028690355
890000	416.1127913556624
891000	415.342036957897
892000	415.0230694068643
893000	411.95916974472567
894000	414.83591494474575
895000	413.59324956453173
896000	410.42973543062453
897000	413.8609005694996
898000	426.1497040419746
899000	420.3931950215843
900000	424.94426831283147
901000	439.0422315858014
902000	421.99407001746624
903000	419.7341295770207
904000	417.8484980608159
905000	433.9166142199832
906000	408.6859790711846
907000	422.1158210385224
908000	424.8718214242685
909000	434.9177899716492
910000	436.5780311678824
911000	427.8723300589127
912000	429.89379949117125
913000	415.06231147150316
914000	425.6606875441746
915000	443.9817006962905
916000	430.1201960179286
917000	419.37189513420594
918000	420.1013950537645
919000	406.70878273749395
920000	412.23889523112314
921000	425.8599164877227
922000	414.3136936230181
923000	416.2667409938605
924000	426.15272266233194
925000	423.90686911688033
926000	421.43763766503236
927000	419.81965715379545
928000	423.20654919411
929000	441.3152527144623
930000	429.8535512197502
931000	445.1428633268621
932000	445.30184399898917
933000	432.41032266194446
934000	431.42524621884763
935000	435.2448071769683
936000	430.90503731069884
937000	433.12875430685926
938000	423.5546967419272
939000	427.4295990732486
940000	432.02293304949205
941000	428.16916106066515
942000	431.1485393528076
943000	413.00059376782
944000	427.9427645339041
945000	419.9756192055615
946000	429.41786368158665
947000	430.3908656432539
948000	418.66956279786035
949000	427.8683052317695
950000	420.21207780017687
951000	417.698573249761
952000	427.5785176775177
953000	433.28773497898635
954000	422.8443147512952
955000	434.8926348020079
956000	425.8840654505783
957000	425.20588207708454
958000	427.3561459778998
959000	415.2524845539791
960000	416.2244803088679
961000	421.1719990736361
962000	422.73262579809335
963000	432.53609851014386
964000	429.64526641512987
965000	432.02393925627786
966000	416.8583905837901
967000	409.9517872074684
968000	421.52719006895023
969000	431.9987840866365
970000	406.09197797792666
971000	422.87450095486184
972000	417.85755392188815
973000	428.3170734581448
974000	431.77641238701864
975000	431.2008621056618
976000	430.1835870454267
977000	425.17468966673204
978000	425.9343757898573
979000	416.9097071298549
980000	424.0658497890074
981000	434.4478914027758
982000	421.3722342239663
983000	438.3801475208804
984000	417.06466297483513
985000	415.8421217303371
986000	430.7671869810699
987000	415.9125562053321
988000	428.12086313495405
989000	429.83342708403785
990000	422.53440306133103
991000	428.75980444380895
992000	423.12404023769267
993000	426.8107819001097
994000	429.05562923877557
995000	420.9134039297367
996000	422.51427892561867
997000	433.19113912756785
998000	440.86648448808705
999000	437.0288118078256
1000000	428.3221044920738
1001000	428.8704871902213
1002000	437.79051034452243
1003000	436.62431668001824
1004000	438.51397302336255
1005000	423.00128300984704
1006000	428.93287201092994
1007000	428.2798438070775
1008000	432.04406339199016
1009000	429.9823456883033
1010000	421.4175135293237
1011000	430.1212022247181
1012000	415.3390183375396
1013000	439.59162049073836
1014000	436.49451600467563
1015000	414.40827706086867
1016000	426.908383958314
1017000	418.842630364985
1018000	424.20973735934757
1019000	432.03903235806115
1020000	429.4721988480089
1021000	430.1262332586434
1022000	428.9197913227182
1023000	427.70932455964606
1024000	437.11433938460397
1025000	424.3697242382568
1026000	439.9659294149791
1027000	433.31590876898144
1028000	428.27481277314854
1029000	429.3544726540959
1030000	432.26039785089324
1031000	425.53189307561786
1032000	418.8104317478467
1033000	433.28672877220055
1034000	427.7676845532115
1035000	429.96725258652
1036000	418.1533787168511
1037000	431.1505517663828
1038000	416.0564437756686
1039000	410.3210650977764
1040000	408.18388188517656
1041000	427.30382322505284
1042000	433.5322432278845
1043000	416.33616926206605
1044000	435.43598646623
1045000	415.45271970431304
1046000	423.83744084867845
1047000	436.87184354927746
1048000	427.1518860004264
1049000	425.8528730402258
1050000	416.6410499181012
1051000	430.12925187900083
1052000	422.3552982534952
1053000	419.1243682649504
1054000	417.11799193447155
1055000	416.2536603056451
1056000	422.2566899885088
1057000	426.8641108597461
1058000	416.2234741020821
1059000	420.94660875366446
1060000	414.5622266990631
1061000	422.185249306728
1062000	410.08863133030786
1063000	418.4642966135974
1064000	415.59459486108153
1065000	422.7909857916551
1066000	412.651440013217
1067000	433.8421549178487
1068000	433.0573136250858
1069000	419.64457717310285
1070000	421.5070659332379
1071000	416.12687825065996
1072000	426.44150400979436
1073000	421.0341487440071
1074000	424.2801718343389
1075000	427.19817151256217
1076000	426.3740881551604
1077000	434.1661535028067
1078000	417.8917649525944
1079000	431.2743152010106
1080000	423.12605265126064
1081000	417.2397429555314
1082000	421.9296727831897
1083000	413.48457923169093
1084000	433.4366535832518
1085000	434.95703203628807
1086000	423.8142980926087
1087000	421.77572314499525
1088000	439.26762190577665
1089000	410.8291995245066
1090000	430.47639322003226
1091000	436.91309802748424
1092000	421.8672879624811
1093000	419.4835840874078
1094000	430.96239109747484
1095000	414.2875322465946
1096000	410.09366236423324
1097000	413.3195613188527
1098000	405.9179042040126
1099000	408.6789356236876
1100000	405.88067455294896
1101000	416.28686512957285
1102000	408.3146887673013
1103000	412.06683387078795
1104000	415.48592452823715
1105000	424.49952491359574
1106000	418.51963798680544
1107000	410.0071285806727
1108000	406.1110959068495
1109000	410.52934990239675
1110000	419.50270201633435
1111000	409.44566519431345
1112000	420.57129362263424
1113000	421.0039625404404
1114000	407.36181094134633
1115000	414.7332818526125
1116000	430.2409408322027
1117000	408.3660053133697
1118000	410.48507680382886
1119000	426.4716902133647
1120000	414.1687998458922
1121000	414.75139357475325
1122000	413.29943718314036
1123000	424.80943660356354
1124000	422.8936188837884
1125000	426.6960743265505
1126000	413.8709626373576
1127000	426.0692074991252
1128000	418.5518366039437
1129000	406.62929240143404
1130000	410.0433520249542
1131000	420.4998529408571
1132000	412.2338641971942
1133000	409.79582515569865
1134000	424.0859739247198
1135000	433.88139698248756
1136000	427.8179948924905
1137000	416.9891974659148
1138000	417.36652501051657
1139000	424.5910897310852
1140000	417.5013567197845
1141000	415.28166455076
1142000	421.08949011721876
1143000	417.196476063753
1144000	423.1582512684025
1145000	415.703265193926
1146000	423.4027595173007
1147000	418.7752145103474
1148000	410.16309063243875
1149000	405.1733111826743
1150000	419.8256943945102
1151000	419.3950378902757
1152000	411.2588498219516
1153000	412.0135049111479
1154000	423.76700637368344
1155000	428.2295334677985
1156000	422.87248854129024
1157000	430.96842833818596
1158000	418.27814835826103
1159000	424.7047910978623
1160000	411.0596208784035
1161000	421.45977421431627
1162000	429.6704215847712
1163000	428.56460032740034
1164000	418.1453290625647
1165000	432.313726810526
1166000	425.9031833795012
1167000	430.56594562395014
1168000	429.02544303520153
1169000	430.30030703255386
1170000	433.2786791179142
1171000	421.43763766503236
1172000	417.304140189808
1173000	423.25182849946
1174000	419.14549860744853
1175000	432.40730404159075
1176000	426.3398771244542
1177000	431.1978434853044
1178000	430.69373388572114
1179000	434.9218147987888
1180000	432.7091660772685
1181000	417.45909603479186
1182000	428.02225486996394
1183000	434.9932554805659
1184000	432.8832398511753
1185000	433.4537590986068
1186000	440.74372726024137
1187000	429.4339629901558
1188000	430.9452855821199
1189000	402.9928610782924
1190000	421.4436749057471
1191000	432.26039785089324
1192000	421.20822251791753
1193000	436.0940457040115
1194000	420.96975150973054
1195000	415.35411143932293
1196000	423.7207208615476
1197000	433.4366535832518
1198000	451.3410971261307
1199000	429.12405130019164
1200000	433.1810770597099
1201000	428.8392947798688
1202000	419.1585792956603
1203000	426.59042261406347
1204000	433.88240318927336
1205000	428.5002030931238
1206000	420.57833707013486
1207000	419.6536330341714
1208000	425.2189627652999
1209000	430.3455863379039
1210000	430.7510876725008
1211000	443.08818907067945
1212000	413.1142951345934
1213000	426.49986400335973
1214000	430.8597580053452
1215000	426.669912950127
1216000	418.0215656279369
1217000	429.0103499334219
1218000	433.4507404782494
1219000	421.15891838542433
1220000	427.5241825110991
1221000	410.6953740220208
1222000	430.5931132071631
1223000	417.999429078653
1224000	418.30531594147396
1225000	421.41147628860887
1226000	425.0448889913895
1227000	425.3920303324209
1228000	438.8248909201125
1229000	423.2588719469606
1230000	413.2893751152824
1231000	406.3012689893255
1232000	432.3489440480253
1233000	425.71904753774004
1234000	436.54482634395464
1235000	411.156216729822
1236000	417.3282891526635
1237000	415.8944444831877
1238000	438.58843232549714
1239000	431.6546613659661
1240000	430.15641946221376
1241000	427.58254250466086
1242000	423.54765329442296
1243000	429.54464573657185
1244000	416.21441824100987
1245000	411.2518063744547
1246000	418.39989937932086
1247000	428.41769413670283
1248000	436.62934771394356
1249000	423.75996292618646
1250000	440.34929420028834
1251000	415.879351381408
1252000	429.17335543268484
1253000	422.3230996363533
1254000	416.82921058700555
1255000	421.18306734827985
1256000	417.7911442740363
1257000	437.23709661244595
1258000	413.89108677306996
1259000	420.4143253640824
1260000	434.5293941524073
1261000	435.2729809669634
1262000	408.88118318759314
1263000	418.85571105319303
1264000	414.2653956973143
1265000	407.56103988489446
1266000	409.92059479711224
1267000	409.856197562832
1268000	410.62393334024364
1269000	415.79986104534083
1270000	412.46227313752684
1271000	415.78778656391853
1272000	421.7656610771336
1273000	430.42507667396745
1274000	417.11396710733203
1275000	418.7681710628504
1276000	410.77486435808436
1277000	421.472854902528
1278000	421.1860859686336
1279000	402.92846384401213
1280000	420.8862363465274
1281000	409.10858592114005
1282000	426.73028535726036
1283000	406.43106966466803
1284000	397.4637547914453
1285000	418.7752145103474
1286000	407.79045503200564
1287000	390.4021955701396
1288000	403.57847342750716
1289000	399.5506276647698
1290000	416.3552871909926
1291000	430.1574256689959
1292000	428.21544657280094
1293000	416.3723927063475
1294000	415.6891782989284
1295000	409.4054169228888
1296000	421.34204802039966
1297000	439.66306117251554
1298000	429.093865096625
1299000	416.8161298987938
1300000	427.8904417810534
1301000	437.93741653522
1302000	437.6184489841873
1303000	422.2124168899409
1304000	427.0401970472245
1305000	413.29641856278295
1306000	436.5951366832337
1307000	429.448049885157
1308000	420.4032570894386
1309000	412.0859517997145
1310000	413.2803192542175
1311000	422.5273596138341
1312000	415.9105437917605
1313000	406.15134417827056
1314000	405.6140297547669
1315000	425.82369304344127
1316000	438.4455509619465
1317000	429.2669326637496
1318000	425.86092269450853
1319000	423.76700637368344
1320000	421.2052038975601
1321000	408.42436530693146
1322000	429.71268226976383
1323000	437.4856296884873
1324000	417.1874202026771
1325000	412.1835538579151
1326000	425.64861306274867
1327000	399.421833196213
1328000	419.5852109727516
1329000	422.68634028595756
1330000	417.9310070172369
1331000	425.4393220513426
1332000	417.24074916231353
1333000	409.42151623145793
1334000	421.6137238525144
1335000	427.1307556579282
1336000	421.3712280171842
1337000	430.54682769502364
1338000	424.3365194143291
1339000	431.0418814335384
1340000	423.3534553848038
1341000	420.7755536001114
1342000	421.72541280571255
1343000	434.5424748406227
1344000	415.09451008864147
1345000	415.5362348675198
1346000	428.75577961666573
1347000	409.74853343677705
1348000	425.89412751843264
1349000	424.57297800894446
1350000	426.0339902616332
1351000	418.42102972181897
1352000	416.38245477420185
1353000	419.25014411314976
1354000	415.69823416000065
1355000	427.0281225657986
1356000	421.1860859686336
1357000	419.47452822633926
1358000	416.62796922988946
1359000	442.4733967246838
1360000	426.0983874959061
1361000	414.85201425331127
1362000	431.8699896180797
1363000	427.01806049794055
1364000	421.92363554247487
1365000	417.8666097829567
1366000	441.7368533576246
1367000	423.5999760472772
1368000	417.75290841618323
1369000	410.6410388555986
1370000	427.1780473768535
1371000	403.2454189814769
1372000	407.90516260556484
1373000	417.2246498537481
1374000	403.4708093014485
1375000	407.8377467509309
1376000	415.45775073824205
1377000	405.3836084008626
1378000	398.0493671406637
1379000	410.92378296235347
1380000	417.3755808715851
1381000	420.33282261444725
1382000	407.5550026441797
1383000	407.7783805505797
1384000	409.69419827035483
1385000	421.26054527076815
1386000	414.72623840511187
1387000	417.16327123982524
1388000	408.50184322942346
1389000	412.73797379677745
1390000	410.48407059704675
1391000	430.7058083671471
1392000	419.18272825851216
1393000	410.099699604948
1394000	406.4059144950267
1395000	408.7986742311722
1396000	423.3343374558809
1397000	412.22078350898244
1398000	415.7666562214167
1399000	430.17855601149773
1400000	416.8674464448623
1401000	420.9093791025935
1402000	412.00746767043677
1403000	425.05897588638703
1404000	426.16379093697213
1405000	428.47504792348246
1406000	420.98987564544285
1407000	416.67224232845734
1408000	424.541785598592
1409000	408.46964461228515
1410000	421.6187548864397
1411000	405.1240070501811
1412000	420.23622676303245
1413000	415.8974631035488
1414000	429.3595036880249
1415000	424.57499042251976
1416000	428.4508989606306
1417000	416.9248002316419
1418000	414.47871153586
1419000	405.3564408176533
1420000	414.20904811731685
1421000	414.0943405437576
1422000	420.7795784272546
1423000	416.0333010196025
1424000	433.156928096858
1425000	419.0217351728208
1426000	419.97763161913673
1427000	408.6034701147673
1428000	415.4647941857426
1429000	409.14179074506046
1430000	406.1432945239915
1431000	417.38765535301474
1432000	417.5597167133499
1433000	429.64224779477246
1434000	415.12369008542237
1435000	421.6650403985792
1436000	430.6373863057273
1437000	423.4591070972945
1438000	436.8004028675003
1439000	425.13242898173945
1440000	425.67980547310117
1441000	421.5664321335891
1442000	415.77470587570315
1443000	433.4839453021771
1444000	423.21359264161055
1445000	428.4056196552769
1446000	416.53439199882837
1447000	419.1706537770899
1448000	414.00981917377237
1449000	420.36703364515716
1450000	433.6177708046592
1451000	425.16462759887406
1452000	443.63657176882697
1453000	428.15205554530655
1454000	426.4435164233659
1455000	433.54230529573886
1456000	426.0913440484128
1457000	425.27329793172214
1458000	412.08092076578185
1459000	426.4022619451591
1460000	427.6368776710831
1461000	430.0638484379385
1462000	418.20167664255854
1463000	408.55014115513086
1464000	413.07605927674035
1465000	417.3826243190821
1466000	421.2736259589799
1467000	422.3542920467094
1468000	427.97898797818556
1469000	428.16714864709354
1470000	420.9033418618787
1471000	423.3323250423093
1472000	425.4141668817012
1473000	435.28505544838936
1474000	436.86278768820523
1475000	434.57970449169
1476000	434.0916942006758
1477000	427.50908940931214
1478000	425.71904753774004
1479000	425.47453928883823
1480000	433.00197225187407
1481000	439.80795494963775
1482000	420.97075771651635
1483000	429.27296990446075
1484000	418.16142837113387
1485000	422.6642037366736
1486000	412.7943213767713
1487000	428.2094093320898
1488000	407.3889785245556
1489000	419.4594351245523
1490000	413.6475847309576
1491000	397.6831078707057
1492000	432.1295909687649
1493000	420.8308949733194
1494000	400.62827513214194
1495000	406.20165451755327
1496000	427.11365014257325
1497000	439.7465763357186
1498000	408.19897498695985
1499000	415.1780252518446
1500000	422.6984147673835
1501000	425.25619241636724
1502000	417.21056295875053
1503000	426.2020267948252
1504000	413.7723543723675
1505000	424.1674766743513
1506000	409.6911796499974
1507000	414.89125631795014
1508000	417.8756656440252
1509000	416.6883416370265
1510000	424.67359868750617
1511000	409.1407845382783
1512000	410.11177408637764
1513000	427.85019350962875
1514000	442.6847001496579
1515000	431.47656276491244
1516000	426.19196472697087
1517000	422.5253472002625
1518000	432.3207702580266
1519000	417.88270909152584
1520000	419.99473713448805
1521000	428.2848748410065
1522000	411.93904560901336
1523000	405.7800538743909
1524000	414.2331970801724
1525000	430.28521393077057
1526000	421.16294321256385
1527000	418.1835649204178
1528000	411.06968294626154
1529000	408.5702652908432
1530000	401.38896746205296
1531000	409.3601376175388
1532000	423.66236086798216
1533000	432.5511916119272
1534000	429.8515388061786
1535000	420.83995083438793
1536000	414.7986852936785
1537000	405.06262843626195
1538000	419.74721026523247
1539000	422.0584672517465
1540000	429.96624637973787
1541000	426.42137987408563
1542000	431.5399537924069
1543000	418.2680862904067
1544000	424.2620601121982
1545000	437.94445998272056
1546000	415.57245831180126
1547000	426.79669500511216
1548000	411.94910767687134
1549000	427.89245419462503
1550000	403.7545596149855
1551000	430.00246982401933
1552000	429.8223588093941
1553000	431.8840765130809
1554000	420.7604604983281
1555000	428.85740650200955
1556000	432.8399729593932
1557000	430.3043318596971
1558000	416.89662644164315
1559000	422.73564441845076
1560000	426.4294295283684
1561000	422.60282512275444
1562000	426.2674302358912
1563000	426.3730819483782
1564000	417.73077186690296
1565000	422.21845413065574
1566000	420.69807567761944
1567000	420.1647860812553
1568000	420.89931703473917
1569000	401.7994998305752
1570000	412.172485583275
1571000	413.89410539342737
1572000	409.9256258310412
1573000	416.9076947162833
1574000	417.3172208780197
1575000	401.66466812130363
1576000	416.4941437274037
1577000	423.93303049330746
1578000	421.199166656849
1579000	416.453895455979
1580000	416.353274777421
1581000	419.7542537127331
1582000	411.9621883650831
1583000	420.4907970797886
1584000	417.6442380833388
1585000	398.27878228777854
1586000	404.5172643584682
1587000	423.8042360247507
1588000	421.0291177100781
1589000	437.0750973199651
1590000	413.61236749345824
1591000	407.83573433735927
1592000	423.68550362405193
1593000	426.792670177969
1594000	433.38231841683324
1595000	419.3054854863578
1596000	449.18982701852593
1597000	439.53426670395874
1598000	430.98150902640134
1599000	426.3982371180159
1600000	408.7302521697525
1601000	414.98583975579703
1602000	409.51911828966223
1603000	404.08258302709044
1604000	417.66234980547955
1605000	426.9395763686665
1606000	435.919971930101
1607000	417.66637463262276
1608000	416.3774237402765
1609000	419.3557958256368
1610000	417.29508432873575
1611000	415.6076755492933
1612000	425.23606828065124
1613000	415.9105437917569
1614000	412.55987519572744
1615000	418.8265310564122
1616000	420.3519405433738
1617000	424.56895318180494
1618000	433.5714852925234
1619000	419.04789654924423
1620000	435.6503085115615
1621000	410.44985956633684
1622000	423.1401395462581
1623000	429.5748319401385
1624000	427.4567666564615
1625000	416.1781947967284
1626000	412.7752034478447
1627000	400.41093446645306
1628000	423.4611195108661
1629000	429.12103267983423
1630000	419.4886151213331
1631000	403.8793292564028
1632000	410.8402677991467
1633000	423.14315816661923
1634000	417.8696284033104
1635000	431.74723239023774
1636000	426.9315267143801
1637000	421.4245569768206
1638000	416.9419057469932
1639000	418.3274524907579
1640000	405.2487766915947
1641000	415.73244519070687
1642000	412.15135524077687
1643000	415.291726618618
1644000	410.64808230309916
1645000	408.4344273747895
1646000	407.2601840560025
1647000	410.1681216663714
1648000	415.89142586283396
1649000	415.8401093167655
1650000	417.72473462618814
1651000	408.16476395625
1652000	414.1476695033977
1653000	425.3668751627796
1654000	409.4919507064493
1655000	410.9378698573473
1656000	417.9239635697363
1657000	405.1250132569669
1658000	405.7438304301058
1659000	402.1788397887449
1660000	409.6589810328555
1661000	419.410130992059
1662000	425.27430413850794
1663000	408.6608239015469
1664000	421.44870593967613
1665000	428.0131990088954
1666000	416.7668257663006
1667000	422.3834720434903
1668000	411.1592353501794
1669000	414.94156665723284
1670000	419.2199579095831
1671000	406.1030462525668
1672000	416.34220650278087
1673000	407.56707712560564
1674000	424.74604557606915
1675000	413.9665522819903
1676000	429.22668439232496
1677000	428.81112098987006
1678000	415.1971431807711
1679000	411.8152821743892
1680000	420.2865371023151
1681000	427.6932252510769
1682000	416.6299816434574
1683000	416.65010577916973
1684000	404.3914885102688
1685000	429.66539055084223
1686000	412.5488069210873
1687000	429.42088230194406
1688000	423.4973429551476
1689000	435.7338236747646
1690000	424.1342718504272
1691000	431.3427372624304
1692000	422.12286448602305
1693000	418.22180077827085
1694000	427.56141216216275
1695000	423.59494501334825
1696000	405.918910410802
1697000	418.32242145683256
1698000	416.3562933977784
1699000	414.1446508830403
1700000	421.04219839829346
1701000	429.59696848942247
1702000	426.1778778319696
1703000	414.59845014334456
1704000	440.5565727981229
1705000	420.76851015261445
1706000	421.19413562292
1707000	424.24998563077224
1708000	429.76098019547493
1709000	420.9546584079472
1710000	427.4497232089609
1711000	426.84096810368004
1712000	405.0022560291249
1713000	421.04320460507927
1714000	427.1619480682807
1715000	424.71686557928825
1716000	414.21407915124587
1717000	413.4302440652651
1718000	424.6092014532296
1719000	429.6663967576317
1720000	414.91943010794887
1721000	422.6229492584631
1722000	421.545301791091
1723000	405.56170700191626
1724000	431.23306072280013
1725000	414.13458881518596
1726000	422.41265204027485
1727000	419.57011787096826
1728000	416.052418948529
1729000	419.46446615848123
1730000	414.9697404472279
1731000	418.009491146511
1732000	416.1027292878081
1733000	419.4191868531276
1734000	406.8607199621168
1735000	412.112113176138
1736000	417.19043882303816
1737000	412.7953275835571
1738000	413.00763721531695
1739000	422.23757205958225
1740000	405.38461460765205
1741000	428.8704871902213
1742000	409.2242997014777
1743000	412.3123483264719
1744000	433.1659839579265
1745000	411.2910484390936
1746000	413.1344192703021
1747000	430.1181836043607
1748000	426.30969092088384
1749000	426.0299654344863
1750000	422.428751348844
1751000	419.8931102491442
1752000	416.3733989131333
1753000	418.85872967355414
1754000	397.81391475283414
1755000	407.80957296093584
1756000	413.2662323592163
1757000	419.36183306634797
1758000	422.83022785629396
1759000	414.6145494519137
1760000	410.1419602899443
1761000	402.2371997823103
1762000	418.9251393214023
1763000	413.9222791834261
1764000	432.02192684270625
1765000	414.32576810444766
1766000	399.45705043370873
1767000	414.06415434019095
1768000	404.25967542135464
1769000	416.0815989453099
1770000	428.16413002673613
1771000	422.63099891274953
1772000	418.68465589964734
1773000	420.51897086978363
1774000	415.8622458660531
1775000	426.50891986443196
1776000	417.14817813804194
1777000	427.65901422036706
1778000	432.7916750336858
1779000	426.07524473984
1780000	437.2723138499416
1781000	422.6541416688156
1782000	421.58152523537245
1783000	427.01906670472636
1784000	430.15239463507055
1785000	417.75492082975484
1786000	419.20587101458557
1787000	422.1117962113829
1788000	404.1932657735065
1789000	427.4557604496757
1790000	416.474019591695
1791000	424.57599662930187
1792000	422.7044520080946
1793000	401.9121949905628
1794000	428.2406017424423
1795000	422.0564548381749
1796000	411.80220148617383
1797000	419.47452822633926
1798000	438.4566192365866
1799000	421.56039489287434
1800000	411.3423649851584
1801000	412.80941447855463
1802000	425.425235156345
1803000	432.92550053617157
1804000	416.2224678952926
1805000	409.567416215366
1806000	425.35178206099624
1807000	426.3529578126659
1808000	419.49767098240534
1809000	420.35093433659165
1810000	421.77672935177736
1811000	437.40915797278114
1812000	427.0895011797214
1813000	419.97058817163617
1814000	422.8604140598643
1815000	419.7874585366535
1816000	419.42421788705656
1817000	417.45808982800605
1818000	414.0631481334088
1819000	424.59310214466046
1820000	419.45742271098067
1821000	414.68699634047664
1822000	412.6222600164361
1823000	407.7250515909469
1824000	405.65528423297366
1825000	409.7787196403437
1826000	419.6314964848911
1827000	418.87986001605225
1828000	411.09282570233125
1829000	413.1947916774391
1830000	411.68648770582877
1831000	413.6465785241718
1832000	408.5360542601333
1833000	425.3417199931419
1834000	432.7524329690506
1835000	415.64993623428956
1836000	420.93855909937804
1837000	426.7826081101146
1838000	398.7104449987989
1839000	414.3670225826545
1840000	423.88171394724264
1841000	409.826011359269
1842000	404.2737623163522
1843000	409.70325413142336
1844000	418.37071938253996
1845000	417.5073939604956
1846000	415.5382472810914
1847000	417.85956633545607
1848000	427.8340942010633
1849000	411.7579283876096
1850000	416.55350992775493
1851000	424.59511455822843
1852000	430.7269387096452
1853000	413.33264200706446
1854000	430.78932353035384
1855000	415.2947452389754
1856000	422.7195451098816
1857000	420.8369322140306
1858000	429.505403671933
1859000	428.6018299784676
1860000	441.73886577119623
1861000	419.10625654280966
1862000	423.2156050551785
1863000	424.0477380668667
1864000	435.88978572653434
1865000	421.77974797213477
1866000	421.5020348993089
1867000	421.28469423362367
1868000	425.6918799545271
1869000	413.9061798748533
1870000	425.1988386295839
1871000	419.1243682649504
1872000	431.5419662059785
1873000	426.0329840548437
1874000	428.4327872384898
1875000	425.76432684309003
1876000	418.476371095027
1877000	410.21541338528937
1878000	420.20302193910834
1879000	414.18087432732176
1880000	413.0670034156682
1881000	416.3723927063475
1882000	424.15037115899634
1883000	426.7634901811844
1884000	429.7106698561922
1885000	430.3546421989761
1886000	420.3408722687337
1887000	423.9551670425914
1888000	433.8673100874864
1889000	426.5662736512079
1890000	425.1032489849549
1891000	426.11951783840425
1892000	406.5025103464452
1893000	428.4589486149133
1894000	421.9256479560465
1895000	431.7904992820198
1896000	418.9462696639004
1897000	432.012870981634
1898000	423.9269932525927
1899000	405.4872476997817
1900000	407.4080964534822
1901000	412.17852282398616
1902000	422.41868928098967
1903000	434.4539286434906
1904000	421.123701147925
1905000	432.67294263298703
1906000	424.8184924646321
1907000	426.7101612215517
1908000	423.901838082955
1909000	430.5971380343063
1910000	431.16061383423715
1911000	413.15454340601445
1912000	417.05158228662344
1913000	416.769844386658
1914000	407.53990954239265
1915000	412.8154517192694
1916000	424.9643924485438
1917000	425.03281450996354
1918000	428.47504792348246
1919000	424.6585055857228
1920000	428.614910666683
1921000	406.11713314756435
1922000	427.4054501103967
1923000	422.44082583026994
1924000	415.296757652547
1925000	430.23087876434465
1926000	428.19532243708863
1927000	417.6039898119141
1928000	407.0015889120995
1929000	428.3029865631473
1930000	423.32830021516247
1931000	413.97258952270147
1932000	416.2617099599315
1933000	397.9417030146051
1934000	416.83021679379135
1935000	417.41683534979194
1936000	419.44132340241515
1937000	430.08196016007923
1938000	420.79668394260585
1939000	416.4227030456266
1940000	423.17233816339643
1941000	409.57144104251284
1942000	408.57127149762897
1943000	422.6712471841705
1944000	410.8422802127183
1945000	411.21256430981583
1946000	410.25868027707514
1947000	412.24191385148055
1948000	401.549960547748
1949000	412.20569040719545
1950000	400.3314441303895
1951000	414.7373066797557
1952000	412.6957131117848
1953000	414.91439907401985
1954000	420.7282618811898
1955000	425.1455096699512
1956000	425.779419944877
1957000	413.52180888275825
1958000	413.6435599038144
1959000	399.96216624008144
1960000	405.6442159583335
1961000	403.15787899112695
1962000	397.8441009564008
1963000	427.48695286003186
1964000	389.11928191850825
1965000	409.47082036395113
1966000	409.55031070001104
1967000	409.2736038339746
1968000	406.24995244326067
1969000	406.89996202675565
1970000	405.60899872083786
1971000	402.12551082910846
1972000	416.4951499341932
1973000	403.9256147685386
1974000	403.15184175041213
1975000	406.57998826893714
1976000	416.16813272887407
1977000	414.22313501231804
1978000	417.34036363408944
1979000	435.56779955514423
1980000	427.432617693606
1981000	425.4403282581283
1982000	428.95500856021386
1983000	419.51779511811765
1984000	406.1181393543465
1985000	409.856197562832
1986000	415.1498514618495
1987000	419.6556454477466
1988000	405.9128731700872
1989000	408.88923284187956
1990000	428.6008237716818
1991000	418.6091903907233
1992000	421.99507622425205
1993000	419.6747633766695
1994000	431.9796661577136
1995000	420.6860011961935
1996000	424.5055621543105
1997000	425.49466342455054
1998000	424.4099725096815
1999000	415.44366384324087
2000000	431.39807863563834
