1000000.0	428.3221044920738	428.3221044920738
1001000.0	428.8704871902213	428.8704871902213
1002000.0	437.79051034452243	437.79051034452243
1003000.0	436.62431668001824	436.62431668001824
1004000.0	438.51397302336255	438.51397302336255
1005000.0	423.00128300984704	423.00128300984704
1006000.0	428.93287201092994	428.93287201092994
1007000.0	428.2798438070775	428.2798438070775
1008000.0	432.04406339199016	432.04406339199016
1009000.0	429.9823456883033	429.9823456883033
1010000.0	421.4175135293237	421.4175135293237
1011000.0	430.1212022247181	430.1212022247181
1012000.0	415.3390183375396	415.3390183375396
1013000.0	439.59162049073836	439.59162049073836
1014000.0	436.49451600467563	436.49451600467563
1015000.0	414.40827706086867	414.40827706086867
1016000.0	426.908383958314	426.908383958314
1017000.0	418.842630364985	418.842630364985
1018000.0	424.20973735934757	424.20973735934757
1019000.0	432.03903235806115	432.03903235806115
1020000.0	429.4721988480089	429.4721988480089
1021000.0	430.1262332586434	430.1262332586434
1022000.0	428.9197913227182	428.9197913227182
1023000.0	427.70932455964606	427.70932455964606
1024000.0	437.11433938460397	437.11433938460397
1025000.0	424.3697242382568	424.3697242382568
1026000.0	439.9659294149791	439.9659294149791
1027000.0	433.31590876898144	433.31590876898144
1028000.0	428.27481277314854	428.27481277314854
1029000.0	429.3544726540959	429.3544726540959
1030000.0	432.26039785089324	432.26039785089324
1031000.0	425.53189307561786	425.53189307561786
1032000.0	418.8104317478467	418.8104317478467
1033000.0	433.28672877220055	433.28672877220055
1034000.0	427.7676845532115	427.7676845532115
1035000.0	429.96725258652	429.96725258652
1036000.0	418.1533787168511	418.1533787168511
1037000.0	431.1505517663828	431.1505517663828
1038000.0	416.0564437756686	416.0564437756686
1039000.0	410.3210650977764	410.3210650977764
1040000.0	408.18388188517656	408.18388188517656
1041000.0	427.30382322505284	427.30382322505284
1042000.0	433.5322432278845	433.5322432278845
1043000.0	416.33616926206605	416.33616926206605
1044000.0	435.43598646623	435.43598646623
1045000.0	415.45271970431304	415.45271970431304
1046000.0	423.83744084867845	423.83744084867845
1047000.0	436.87184354927746	436.87184354927746
1048000.0	427.1518860004264	427.1518860004264
1049000.0	425.8528730402258	425.8528730402258
1050000.0	416.6410499181012	416.6410499181012
1051000.0	430.12925187900083	430.12925187900083
1052000.0	422.3552982534952	422.3552982534952
1053000.0	419.1243682649504	419.1243682649504
1054000.0	417.11799193447155	417.11799193447155
1055000.0	416.2536603056451	416.2536603056451
1056000.0	422.2566899885088	422.2566899885088
1057000.0	426.8641108597461	426.8641108597461
1058000.0	416.2234741020821	416.2234741020821
1059000.0	420.94660875366446	420.94660875366446
1060000.0	414.5622266990631	414.5622266990631
1061000.0	422.185249306728	422.185249306728
1062000.0	410.08863133030786	410.08863133030786
1063000.0	418.4642966135974	418.4642966135974
1064000.0	415.59459486108153	415.59459486108153
1065000.0	422.7909857916551	422.7909857916551
1066000.0	412.651440013217	412.651440013217
1067000.0	433.8421549178487	433.8421549178487
1068000.0	433.0573136250858	433.0573136250858
1069000.0	419.64457717310285	419.64457717310285
1070000.0	421.5070659332379	421.5070659332379
1071000.0	416.12687825065996	416.12687825065996
1072000.0	426.44150400979436	426.44150400979436
1073000.0	421.0341487440071	421.0341487440071
1074000.0	424.2801718343389	424.2801718343389
1075000.0	427.19817151256217	427.19817151256217
1076000.0	426.3740881551604	426.3740881551604
1077000.0	434.1661535028067	434.1661535028067
1078000.0	417.8917649525944	417.8917649525944
1079000.0	431.2743152010106	431.2743152010106
1080000.0	423.12605265126064	423.12605265126064
1081000.0	417.2397429555314	417.2397429555314
1082000.0	421.9296727831897	421.9296727831897
1083000.0	413.48457923169093	413.48457923169093
1084000.0	433.4366535832518	433.4366535832518
1085000.0	434.95703203628807	434.95703203628807
1086000.0	423.8142980926087	423.8142980926087
1087000.0	421.77572314499525	421.77572314499525
1088000.0	439.26762190577665	439.26762190577665
1089000.0	410.8291995245066	410.8291995245066
1090000.0	430.47639322003226	430.47639322003226
1091000.0	436.91309802748424	436.91309802748424
1092000.0	421.8672879624811	421.8672879624811
1093000.0	419.4835840874078	419.4835840874078
1094000.0	430.96239109747484	430.96239109747484
1095000.0	414.2875322465946	414.2875322465946
1096000.0	410.09366236423324	410.09366236423324
1097000.0	413.3195613188527	413.3195613188527
1098000.0	405.9179042040126	405.9179042040126
1099000.0	408.6789356236876	408.6789356236876
1100000.0	405.88067455294896	405.88067455294896
1101000.0	416.28686512957285	416.28686512957285
1102000.0	408.3146887673013	408.3146887673013
1103000.0	412.06683387078795	412.06683387078795
1104000.0	415.48592452823715	415.48592452823715
1105000.0	424.49952491359574	424.49952491359574
1106000.0	418.51963798680544	418.51963798680544
1107000.0	410.0071285806727	410.0071285806727
1108000.0	406.1110959068495	406.1110959068495
1109000.0	410.52934990239675	410.52934990239675
1110000.0	419.50270201633435	419.50270201633435
1111000.0	409.44566519431345	409.44566519431345
1112000.0	420.57129362263424	420.57129362263424
1113000.0	421.0039625404404	421.0039625404404
1114000.0	407.36181094134633	407.36181094134633
1115000.0	414.7332818526125	414.7332818526125
1116000.0	430.2409408322027	430.2409408322027
1117000.0	408.3660053133697	408.3660053133697
1118000.0	410.48507680382886	410.48507680382886
1119000.0	426.4716902133647	426.4716902133647
1120000.0	414.1687998458922	414.1687998458922
1121000.0	414.75139357475325	414.75139357475325
1122000.0	413.29943718314036	413.29943718314036
1123000.0	424.80943660356354	424.80943660356354
1124000.0	422.8936188837884	422.8936188837884
1125000.0	426.6960743265505	426.6960743265505
1126000.0	413.8709626373576	413.8709626373576
1127000.0	426.0692074991252	426.0692074991252
1128000.0	418.5518366039437	418.5518366039437
1129000.0	406.62929240143404	406.62929240143404
1130000.0	410.0433520249542	410.0433520249542
1131000.0	420.4998529408571	420.4998529408571
1132000.0	412.2338641971942	412.2338641971942
1133000.0	409.79582515569865	409.79582515569865
1134000.0	424.0859739247198	424.0859739247198
1135000.0	433.88139698248756	433.88139698248756
1136000.0	427.8179948924905	427.8179948924905
1137000.0	416.9891974659148	416.9891974659148
1138000.0	417.36652501051657	417.36652501051657
1139000.0	424.5910897310852	424.5910897310852
1140000.0	417.5013567197845	417.5013567197845
1141000.0	415.28166455076	415.28166455076
1142000.0	421.08949011721876	421.08949011721876
1143000.0	417.196476063753	417.196476063753
1144000.0	423.1582512684025	423.1582512684025
1145000.0	415.703265193926	415.703265193926
1146000.0	423.4027595173007	423.4027595173007
1147000.0	418.7752145103474	418.7752145103474
1148000.0	410.16309063243875	410.16309063243875
1149000.0	405.1733111826743	405.1733111826743
1150000.0	419.8256943945102	419.8256943945102
1151000.0	419.3950378902757	419.3950378902757
1152000.0	411.2588498219516	411.2588498219516
1153000.0	412.0135049111479	412.0135049111479
1154000.0	423.76700637368344	423.76700637368344
1155000.0	428.2295334677985	428.2295334677985
1156000.0	422.87248854129024	422.87248854129024
1157000.0	430.96842833818596	430.96842833818596
1158000.0	418.27814835826103	418.27814835826103
1159000.0	424.7047910978623	424.7047910978623
1160000.0	411.0596208784035	411.0596208784035
1161000.0	421.45977421431627	421.45977421431627
1162000.0	429.6704215847712	429.6704215847712
1163000.0	428.56460032740034	428.56460032740034
1164000.0	418.1453290625647	418.1453290625647
1165000.0	432.313726810526	432.313726810526
1166000.0	425.9031833795012	425.9031833795012
1167000.0	430.56594562395014	430.56594562395014
1168000.0	429.02544303520153	429.02544303520153
1169000.0	430.30030703255386	430.30030703255386
1170000.0	433.2786791179142	433.2786791179142
1171000.0	421.43763766503236	421.43763766503236
1172000.0	417.304140189808	417.304140189808
1173000.0	423.25182849946	423.25182849946
1174000.0	419.14549860744853	419.14549860744853
1175000.0	432.40730404159075	432.40730404159075
1176000.0	426.3398771244542	426.3398771244542
1177000.0	431.1978434853044	431.1978434853044
1178000.0	430.69373388572114	430.69373388572114
1179000.0	434.9218147987888	434.9218147987888
1180000.0	432.7091660772685	432.7091660772685
1181000.0	417.45909603479186	417.45909603479186
1182000.0	428.02225486996394	428.02225486996394
1183000.0	434.9932554805659	434.9932554805659
1184000.0	432.8832398511753	432.8832398511753
1185000.0	433.4537590986068	433.4537590986068
1186000.0	440.74372726024137	440.74372726024137
1187000.0	429.4339629901558	429.4339629901558
1188000.0	430.9452855821199	430.9452855821199
1189000.0	402.9928610782924	402.9928610782924
1190000.0	421.4436749057471	421.4436749057471
1191000.0	432.26039785089324	432.26039785089324
1192000.0	421.20822251791753	421.20822251791753
1193000.0	436.0940457040115	436.0940457040115
1194000.0	420.96975150973054	420.96975150973054
1195000.0	415.35411143932293	415.35411143932293
1196000.0	423.7207208615476	423.7207208615476
1197000.0	433.4366535832518	433.4366535832518
1198000.0	451.3410971261307	451.3410971261307
1199000.0	429.12405130019164	429.12405130019164
1200000.0	433.1810770597099	433.1810770597099
1201000.0	428.8392947798688	428.8392947798688
1202000.0	419.1585792956603	419.1585792956603
1203000.0	426.59042261406347	426.59042261406347
1204000.0	433.88240318927336	433.88240318927336
1205000.0	428.5002030931238	428.5002030931238
1206000.0	420.57833707013486	420.57833707013486
1207000.0	419.6536330341714	419.6536330341714
1208000.0	425.2189627652999	425.2189627652999
1209000.0	430.3455863379039	430.3455863379039
1210000.0	430.7510876725008	430.7510876725008
1211000.0	443.08818907067945	443.08818907067945
1212000.0	413.1142951345934	413.1142951345934
1213000.0	426.49986400335973	426.49986400335973
1214000.0	430.8597580053452	430.8597580053452
1215000.0	426.669912950127	426.669912950127
1216000.0	418.0215656279369	418.0215656279369
1217000.0	429.0103499334219	429.0103499334219
1218000.0	433.4507404782494	433.4507404782494
1219000.0	421.15891838542433	421.15891838542433
1220000.0	427.5241825110991	427.5241825110991
1221000.0	410.6953740220208	410.6953740220208
1222000.0	430.5931132071631	430.5931132071631
1223000.0	417.999429078653	417.999429078653
1224000.0	418.30531594147396	418.30531594147396
1225000.0	421.41147628860887	421.41147628860887
1226000.0	425.0448889913895	425.0448889913895
1227000.0	425.3920303324209	425.3920303324209
1228000.0	438.8248909201125	438.8248909201125
1229000.0	423.2588719469606	423.2588719469606
1230000.0	413.2893751152824	413.2893751152824
1231000.0	406.3012689893255	406.3012689893255
1232000.0	432.3489440480253	432.3489440480253
1233000.0	425.71904753774004	425.71904753774004
1234000.0	436.54482634395464	436.54482634395464
1235000.0	411.156216729822	411.156216729822
1236000.0	417.3282891526635	417.3282891526635
1237000.0	415.8944444831877	415.8944444831877
1238000.0	438.58843232549714	438.58843232549714
1239000.0	431.6546613659661	431.6546613659661
1240000.0	430.15641946221376	430.15641946221376
1241000.0	427.58254250466086	427.58254250466086
1242000.0	423.54765329442296	423.54765329442296
1243000.0	429.54464573657185	429.54464573657185
1244000.0	416.21441824100987	416.21441824100987
1245000.0	411.2518063744547	411.2518063744547
1246000.0	418.39989937932086	418.39989937932086
1247000.0	428.41769413670283	428.41769413670283
1248000.0	436.62934771394356	436.62934771394356
1249000.0	423.75996292618646	423.75996292618646
1250000.0	440.34929420028834	440.34929420028834
1251000.0	415.879351381408	415.879351381408
1252000.0	429.17335543268484	429.17335543268484
1253000.0	422.3230996363533	422.3230996363533
1254000.0	416.82921058700555	416.82921058700555
1255000.0	421.18306734827985	421.18306734827985
1256000.0	417.7911442740363	417.7911442740363
1257000.0	437.23709661244595	437.23709661244595
1258000.0	413.89108677306996	413.89108677306996
1259000.0	420.4143253640824	420.4143253640824
1260000.0	434.5293941524073	434.5293941524073
1261000.0	435.2729809669634	435.2729809669634
1262000.0	408.88118318759314	408.88118318759314
1263000.0	418.85571105319303	418.85571105319303
1264000.0	414.2653956973143	414.2653956973143
1265000.0	407.56103988489446	407.56103988489446
1266000.0	409.92059479711224	409.92059479711224
1267000.0	409.856197562832	409.856197562832
1268000.0	410.62393334024364	410.62393334024364
1269000.0	415.79986104534083	415.79986104534083
1270000.0	412.46227313752684	412.46227313752684
1271000.0	415.78778656391853	415.78778656391853
1272000.0	421.7656610771336	421.7656610771336
1273000.0	430.42507667396745	430.42507667396745
1274000.0	417.11396710733203	417.11396710733203
1275000.0	418.7681710628504	418.7681710628504
1276000.0	410.77486435808436	410.77486435808436
1277000.0	421.472854902528	421.472854902528
1278000.0	421.1860859686336	421.1860859686336
1279000.0	402.92846384401213	402.92846384401213
1280000.0	420.8862363465274	420.8862363465274
1281000.0	409.10858592114005	409.10858592114005
1282000.0	426.73028535726036	426.73028535726036
1283000.0	406.43106966466803	406.43106966466803
1284000.0	397.4637547914453	397.4637547914453
1285000.0	418.7752145103474	418.7752145103474
1286000.0	407.79045503200564	407.79045503200564
1287000.0	390.4021955701396	390.4021955701396
1288000.0	403.57847342750716	403.57847342750716
1289000.0	399.5506276647698	399.5506276647698
1290000.0	416.3552871909926	416.3552871909926
1291000.0	430.1574256689959	430.1574256689959
1292000.0	428.21544657280094	428.21544657280094
1293000.0	416.3723927063475	416.3723927063475
1294000.0	415.6891782989284	415.6891782989284
1295000.0	409.4054169228888	409.4054169228888
1296000.0	421.34204802039966	421.34204802039966
1297000.0	439.66306117251554	439.66306117251554
1298000.0	429.093865096625	429.093865096625
1299000.0	416.8161298987938	416.8161298987938
1300000.0	427.8904417810534	427.8904417810534
1301000.0	437.93741653522	437.93741653522
1302000.0	437.6184489841873	437.6184489841873
1303000.0	422.2124168899409	422.2124168899409
1304000.0	427.0401970472245	427.0401970472245
1305000.0	413.29641856278295	413.29641856278295
1306000.0	436.5951366832337	436.5951366832337
1307000.0	429.448049885157	429.448049885157
1308000.0	420.4032570894386	420.4032570894386
1309000.0	412.0859517997145	412.0859517997145
1310000.0	413.2803192542175	413.2803192542175
1311000.0	422.5273596138341	422.5273596138341
1312000.0	415.9105437917605	415.9105437917605
1313000.0	406.15134417827056	406.15134417827056
1314000.0	405.6140297547669	405.6140297547669
1315000.0	425.82369304344127	425.82369304344127
1316000.0	438.4455509619465	438.4455509619465
1317000.0	429.2669326637496	429.2669326637496
1318000.0	425.86092269450853	425.86092269450853
1319000.0	423.76700637368344	423.76700637368344
1320000.0	421.2052038975601	421.2052038975601
1321000.0	408.42436530693146	408.42436530693146
1322000.0	429.71268226976383	429.71268226976383
1323000.0	437.4856296884873	437.4856296884873
1324000.0	417.1874202026771	417.1874202026771
1325000.0	412.1835538579151	412.1835538579151
1326000.0	425.64861306274867	425.64861306274867
1327000.0	399.421833196213	399.421833196213
1328000.0	419.5852109727516	419.5852109727516
1329000.0	422.68634028595756	422.68634028595756
1330000.0	417.9310070172369	417.9310070172369
1331000.0	425.4393220513426	425.4393220513426
1332000.0	417.24074916231353	417.24074916231353
1333000.0	409.42151623145793	409.42151623145793
1334000.0	421.6137238525144	421.6137238525144
1335000.0	427.1307556579282	427.1307556579282
1336000.0	421.3712280171842	421.3712280171842
1337000.0	430.54682769502364	430.54682769502364
1338000.0	424.3365194143291	424.3365194143291
1339000.0	431.0418814335384	431.0418814335384
1340000.0	423.3534553848038	423.3534553848038
1341000.0	420.7755536001114	420.7755536001114
1342000.0	421.72541280571255	421.72541280571255
1343000.0	434.5424748406227	434.5424748406227
1344000.0	415.09451008864147	415.09451008864147
1345000.0	415.5362348675198	415.5362348675198
1346000.0	428.75577961666573	428.75577961666573
1347000.0	409.74853343677705	409.74853343677705
1348000.0	425.89412751843264	425.89412751843264
1349000.0	424.57297800894446	424.57297800894446
1350000.0	426.0339902616332	426.0339902616332
1351000.0	418.42102972181897	418.42102972181897
1352000.0	416.38245477420185	416.38245477420185
1353000.0	419.25014411314976	419.25014411314976
1354000.0	415.69823416000065	415.69823416000065
1355000.0	427.0281225657986	427.0281225657986
1356000.0	421.1860859686336	421.1860859686336
1357000.0	419.47452822633926	419.47452822633926
1358000.0	416.62796922988946	416.62796922988946
1359000.0	442.4733967246838	442.4733967246838
1360000.0	426.0983874959061	426.0983874959061
1361000.0	414.85201425331127	414.85201425331127
1362000.0	431.8699896180797	431.8699896180797
1363000.0	427.01806049794055	427.01806049794055
1364000.0	421.92363554247487	421.92363554247487
1365000.0	417.8666097829567	417.8666097829567
1366000.0	441.7368533576246	441.7368533576246
1367000.0	423.5999760472772	423.5999760472772
1368000.0	417.75290841618323	417.75290841618323
1369000.0	410.6410388555986	410.6410388555986
1370000.0	427.1780473768535	427.1780473768535
1371000.0	403.2454189814769	403.2454189814769
1372000.0	407.90516260556484	407.90516260556484
1373000.0	417.2246498537481	417.2246498537481
1374000.0	403.4708093014485	403.4708093014485
1375000.0	407.8377467509309	407.8377467509309
1376000.0	415.45775073824205	415.45775073824205
1377000.0	405.3836084008626	405.3836084008626
1378000.0	398.0493671406637	398.0493671406637
1379000.0	410.92378296235347	410.92378296235347
1380000.0	417.3755808715851	417.3755808715851
1381000.0	420.33282261444725	420.33282261444725
1382000.0	407.5550026441797	407.5550026441797
1383000.0	407.7783805505797	407.7783805505797
1384000.0	409.69419827035483	409.69419827035483
1385000.0	421.26054527076815	421.26054527076815
1386000.0	414.72623840511187	414.72623840511187
1387000.0	417.16327123982524	417.16327123982524
1388000.0	408.50184322942346	408.50184322942346
1389000.0	412.73797379677745	412.73797379677745
1390000.0	410.48407059704675	410.48407059704675
1391000.0	430.7058083671471	430.7058083671471
1392000.0	419.18272825851216	419.18272825851216
1393000.0	410.099699604948	410.099699604948
1394000.0	406.4059144950267	406.4059144950267
1395000.0	408.7986742311722	408.7986742311722
1396000.0	423.3343374558809	423.3343374558809
1397000.0	412.22078350898244	412.22078350898244
1398000.0	415.7666562214167	415.7666562214167
1399000.0	430.17855601149773	430.17855601149773
1400000.0	416.8674464448623	416.8674464448623
1401000.0	420.9093791025935	420.9093791025935
1402000.0	412.00746767043677	412.00746767043677
1403000.0	425.05897588638703	425.05897588638703
1404000.0	426.16379093697213	426.16379093697213
1405000.0	428.47504792348246	428.47504792348246
1406000.0	420.98987564544285	420.98987564544285
1407000.0	416.67224232845734	416.67224232845734
1408000.0	424.541785598592	424.541785598592
1409000.0	408.46964461228515	408.46964461228515
1410000.0	421.6187548864397	421.6187548864397
1411000.0	405.1240070501811	405.1240070501811
1412000.0	420.23622676303245	420.23622676303245
1413000.0	415.8974631035488	415.8974631035488
1414000.0	429.3595036880249	429.3595036880249
1415000.0	424.57499042251976	424.57499042251976
1416000.0	428.4508989606306	428.4508989606306
1417000.0	416.9248002316419	416.9248002316419
1418000.0	414.47871153586	414.47871153586
1419000.0	405.3564408176533	405.3564408176533
1420000.0	414.20904811731685	414.20904811731685
1421000.0	414.0943405437576	414.0943405437576
1422000.0	420.7795784272546	420.7795784272546
1423000.0	416.0333010196025	416.0333010196025
1424000.0	433.156928096858	433.156928096858
1425000.0	419.0217351728208	419.0217351728208
1426000.0	419.97763161913673	419.97763161913673
1427000.0	408.6034701147673	408.6034701147673
1428000.0	415.4647941857426	415.4647941857426
1429000.0	409.14179074506046	409.14179074506046
1430000.0	406.1432945239915	406.1432945239915
1431000.0	417.38765535301474	417.38765535301474
1432000.0	417.5597167133499	417.5597167133499
1433000.0	429.64224779477246	429.64224779477246
1434000.0	415.12369008542237	415.12369008542237
1435000.0	421.6650403985792	421.6650403985792
1436000.0	430.6373863057273	430.6373863057273
1437000.0	423.4591070972945	423.4591070972945
1438000.0	436.8004028675003	436.8004028675003
1439000.0	425.13242898173945	425.13242898173945
1440000.0	425.67980547310117	425.67980547310117
1441000.0	421.5664321335891	421.5664321335891
1442000.0	415.77470587570315	415.77470587570315
1443000.0	433.4839453021771	433.4839453021771
1444000.0	423.21359264161055	423.21359264161055
1445000.0	428.4056196552769	428.4056196552769
1446000.0	416.53439199882837	416.53439199882837
1447000.0	419.1706537770899	419.1706537770899
1448000.0	414.00981917377237	414.00981917377237
1449000.0	420.36703364515716	420.36703364515716
1450000.0	433.6177708046592	433.6177708046592
1451000.0	425.16462759887406	425.16462759887406
1452000.0	443.63657176882697	443.63657176882697
1453000.0	428.15205554530655	428.15205554530655
1454000.0	426.4435164233659	426.4435164233659
1455000.0	433.54230529573886	433.54230529573886
1456000.0	426.0913440484128	426.0913440484128
1457000.0	425.27329793172214	425.27329793172214
1458000.0	412.08092076578185	412.08092076578185
1459000.0	426.4022619451591	426.4022619451591
1460000.0	427.6368776710831	427.6368776710831
1461000.0	430.0638484379385	430.0638484379385
1462000.0	418.20167664255854	418.20167664255854
1463000.0	408.55014115513086	408.55014115513086
1464000.0	413.07605927674035	413.07605927674035
1465000.0	417.3826243190821	417.3826243190821
1466000.0	421.2736259589799	421.2736259589799
1467000.0	422.3542920467094	422.3542920467094
1468000.0	427.97898797818556	427.97898797818556
1469000.0	428.16714864709354	428.16714864709354
1470000.0	420.9033418618787	420.9033418618787
1471000.0	423.3323250423093	423.3323250423093
1472000.0	425.4141668817012	425.4141668817012
1473000.0	435.28505544838936	435.28505544838936
1474000.0	436.86278768820523	436.86278768820523
1475000.0	434.57970449169	434.57970449169
1476000.0	434.0916942006758	434.0916942006758
1477000.0	427.50908940931214	427.50908940931214
1478000.0	425.71904753774004	425.71904753774004
1479000.0	425.47453928883823	425.47453928883823
1480000.0	433.00197225187407	433.00197225187407
1481000.0	439.80795494963775	439.80795494963775
1482000.0	420.97075771651635	420.97075771651635
1483000.0	429.27296990446075	429.27296990446075
1484000.0	418.16142837113387	418.16142837113387
1485000.0	422.6642037366736	422.6642037366736
1486000.0	412.7943213767713	412.7943213767713
1487000.0	428.2094093320898	428.2094093320898
1488000.0	407.3889785245556	407.3889785245556
1489000.0	419.4594351245523	419.4594351245523
1490000.0	413.6475847309576	413.6475847309576
1491000.0	397.6831078707057	397.6831078707057
1492000.0	432.1295909687649	432.1295909687649
1493000.0	420.8308949733194	420.8308949733194
1494000.0	400.62827513214194	400.62827513214194
1495000.0	406.20165451755327	406.20165451755327
1496000.0	427.11365014257325	427.11365014257325
1497000.0	439.7465763357186	439.7465763357186
1498000.0	408.19897498695985	408.19897498695985
1499000.0	415.1780252518446	415.1780252518446
1500000.0	422.6984147673835	422.6984147673835
1501000.0	425.25619241636724	425.25619241636724
1502000.0	417.21056295875053	417.21056295875053
1503000.0	426.2020267948252	426.2020267948252
1504000.0	413.7723543723675	413.7723543723675
1505000.0	424.1674766743513	424.1674766743513
1506000.0	409.6911796499974	409.6911796499974
1507000.0	414.89125631795014	414.89125631795014
1508000.0	417.8756656440252	417.8756656440252
1509000.0	416.6883416370265	416.6883416370265
1510000.0	424.67359868750617	424.67359868750617
1511000.0	409.1407845382783	409.1407845382783
1512000.0	410.11177408637764	410.11177408637764
1513000.0	427.85019350962875	427.85019350962875
1514000.0	442.6847001496579	442.6847001496579
1515000.0	431.47656276491244	431.47656276491244
1516000.0	426.19196472697087	426.19196472697087
1517000.0	422.5253472002625	422.5253472002625
1518000.0	432.3207702580266	432.3207702580266
1519000.0	417.88270909152584	417.88270909152584
1520000.0	419.99473713448805	419.99473713448805
1521000.0	428.2848748410065	428.2848748410065
1522000.0	411.93904560901336	411.93904560901336
1523000.0	405.7800538743909	405.7800538743909
1524000.0	414.2331970801724	414.2331970801724
1525000.0	430.28521393077057	430.28521393077057
1526000.0	421.16294321256385	421.16294321256385
1527000.0	418.1835649204178	418.1835649204178
1528000.0	411.06968294626154	411.06968294626154
1529000.0	408.5702652908432	408.5702652908432
1530000.0	401.38896746205296	401.38896746205296
1531000.0	409.3601376175388	409.3601376175388
1532000.0	423.66236086798216	423.66236086798216
1533000.0	432.5511916119272	432.5511916119272
1534000.0	429.8515388061786	429.8515388061786
1535000.0	420.83995083438793	420.83995083438793
1536000.0	414.7986852936785	414.7986852936785
1537000.0	405.06262843626195	405.06262843626195
1538000.0	419.74721026523247	419.74721026523247
1539000.0	422.0584672517465	422.0584672517465
1540000.0	429.96624637973787	429.96624637973787
1541000.0	426.42137987408563	426.42137987408563
1542000.0	431.5399537924069	431.5399537924069
1543000.0	418.2680862904067	418.2680862904067
1544000.0	424.2620601121982	424.2620601121982
1545000.0	437.94445998272056	437.94445998272056
1546000.0	415.57245831180126	415.57245831180126
1547000.0	426.79669500511216	426.79669500511216
1548000.0	411.94910767687134	411.94910767687134
1549000.0	427.89245419462503	427.89245419462503
1550000.0	403.7545596149855	403.7545596149855
1551000.0	430.00246982401933	430.00246982401933
1552000.0	429.8223588093941	429.8223588093941
1553000.0	431.8840765130809	431.8840765130809
1554000.0	420.7604604983281	420.7604604983281
1555000.0	428.85740650200955	428.85740650200955
1556000.0	432.8399729593932	432.8399729593932
1557000.0	430.3043318596971	430.3043318596971
1558000.0	416.89662644164315	416.89662644164315
1559000.0	422.73564441845076	422.73564441845076
1560000.0	426.4294295283684	426.4294295283684
1561000.0	422.60282512275444	422.60282512275444
1562000.0	426.2674302358912	426.2674302358912
1563000.0	426.3730819483782	426.3730819483782
1564000.0	417.73077186690296	417.73077186690296
1565000.0	422.21845413065574	422.21845413065574
1566000.0	420.69807567761944	420.69807567761944
1567000.0	420.1647860812553	420.1647860812553
1568000.0	420.89931703473917	420.89931703473917
1569000.0	401.7994998305752	401.7994998305752
1570000.0	412.172485583275	412.172485583275
1571000.0	413.89410539342737	413.89410539342737
1572000.0	409.9256258310412	409.9256258310412
1573000.0	416.9076947162833	416.9076947162833
1574000.0	417.3172208780197	417.3172208780197
1575000.0	401.66466812130363	401.66466812130363
1576000.0	416.4941437274037	416.4941437274037
1577000.0	423.93303049330746	423.93303049330746
1578000.0	421.199166656849	421.199166656849
1579000.0	416.453895455979	416.453895455979
1580000.0	416.353274777421	416.353274777421
1581000.0	419.7542537127331	419.7542537127331
1582000.0	411.9621883650831	411.9621883650831
1583000.0	420.4907970797886	420.4907970797886
1584000.0	417.6442380833388	417.6442380833388
1585000.0	398.27878228777854	398.27878228777854
1586000.0	404.5172643584682	404.5172643584682
1587000.0	423.8042360247507	423.8042360247507
1588000.0	421.0291177100781	421.0291177100781
1589000.0	437.0750973199651	437.0750973199651
1590000.0	413.61236749345824	413.61236749345824
1591000.0	407.83573433735927	407.83573433735927
1592000.0	423.68550362405193	423.68550362405193
1593000.0	426.792670177969	426.792670177969
1594000.0	433.38231841683324	433.38231841683324
1595000.0	419.3054854863578	419.3054854863578
1596000.0	449.18982701852593	449.18982701852593
1597000.0	439.53426670395874	439.53426670395874
1598000.0	430.98150902640134	430.98150902640134
1599000.0	426.3982371180159	426.3982371180159
1600000.0	408.7302521697525	408.7302521697525
1601000.0	414.98583975579703	414.98583975579703
1602000.0	409.51911828966223	409.51911828966223
1603000.0	404.08258302709044	404.08258302709044
1604000.0	417.66234980547955	417.66234980547955
1605000.0	426.9395763686665	426.9395763686665
1606000.0	435.919971930101	435.919971930101
1607000.0	417.66637463262276	417.66637463262276
1608000.0	416.3774237402765	416.3774237402765
1609000.0	419.3557958256368	419.3557958256368
1610000.0	417.29508432873575	417.29508432873575
1611000.0	415.6076755492933	415.6076755492933
1612000.0	425.23606828065124	425.23606828065124
1613000.0	415.9105437917569	415.9105437917569
1614000.0	412.55987519572744	412.55987519572744
1615000.0	418.8265310564122	418.8265310564122
1616000.0	420.3519405433738	420.3519405433738
1617000.0	424.56895318180494	424.56895318180494
1618000.0	433.5714852925234	433.5714852925234
1619000.0	419.04789654924423	419.04789654924423
1620000.0	435.6503085115615	435.6503085115615
1621000.0	410.44985956633684	410.44985956633684
1622000.0	423.1401395462581	423.1401395462581
1623000.0	429.5748319401385	429.5748319401385
1624000.0	427.4567666564615	427.4567666564615
1625000.0	416.1781947967284	416.1781947967284
1626000.0	412.7752034478447	412.7752034478447
1627000.0	400.41093446645306	400.41093446645306
1628000.0	423.4611195108661	423.4611195108661
1629000.0	429.12103267983423	429.12103267983423
1630000.0	419.4886151213331	419.4886151213331
1631000.0	403.8793292564028	403.8793292564028
1632000.0	410.8402677991467	410.8402677991467
1633000.0	423.14315816661923	423.14315816661923
1634000.0	417.8696284033104	417.8696284033104
1635000.0	431.74723239023774	431.74723239023774
1636000.0	426.9315267143801	426.9315267143801
1637000.0	421.4245569768206	421.4245569768206
1638000.0	416.9419057469932	416.9419057469932
1639000.0	418.3274524907579	418.3274524907579
1640000.0	405.2487766915947	405.2487766915947
1641000.0	415.73244519070687	415.73244519070687
1642000.0	412.15135524077687	412.15135524077687
1643000.0	415.291726618618	415.291726618618
1644000.0	410.64808230309916	410.64808230309916
1645000.0	408.4344273747895	408.4344273747895
1646000.0	407.2601840560025	407.2601840560025
1647000.0	410.1681216663714	410.1681216663714
1648000.0	415.89142586283396	415.89142586283396
1649000.0	415.8401093167655	415.8401093167655
1650000.0	417.72473462618814	417.72473462618814
1651000.0	408.16476395625	408.16476395625
1652000.0	414.1476695033977	414.1476695033977
1653000.0	425.3668751627796	425.3668751627796
1654000.0	409.4919507064493	409.4919507064493
1655000.0	410.9378698573473	410.9378698573473
1656000.0	417.9239635697363	417.9239635697363
1657000.0	405.1250132569669	405.1250132569669
1658000.0	405.7438304301058	405.7438304301058
1659000.0	402.1788397887449	402.1788397887449
1660000.0	409.6589810328555	409.6589810328555
1661000.0	419.410130992059	419.410130992059
1662000.0	425.27430413850794	425.27430413850794
1663000.0	408.6608239015469	408.6608239015469
1664000.0	421.44870593967613	421.44870593967613
1665000.0	428.0131990088954	428.0131990088954
1666000.0	416.7668257663006	416.7668257663006
1667000.0	422.3834720434903	422.3834720434903
1668000.0	411.1592353501794	411.1592353501794
1669000.0	414.94156665723284	414.94156665723284
1670000.0	419.2199579095831	419.2199579095831
1671000.0	406.1030462525668	406.1030462525668
1672000.0	416.34220650278087	416.34220650278087
1673000.0	407.56707712560564	407.56707712560564
1674000.0	424.74604557606915	424.74604557606915
1675000.0	413.9665522819903	413.9665522819903
1676000.0	429.22668439232496	429.22668439232496
1677000.0	428.81112098987006	428.81112098987006
1678000.0	415.1971431807711	415.1971431807711
1679000.0	411.8152821743892	411.8152821743892
1680000.0	420.2865371023151	420.2865371023151
1681000.0	427.6932252510769	427.6932252510769
1682000.0	416.6299816434574	416.6299816434574
1683000.0	416.65010577916973	416.65010577916973
1684000.0	404.3914885102688	404.3914885102688
1685000.0	429.66539055084223	429.66539055084223
1686000.0	412.5488069210873	412.5488069210873
1687000.0	429.42088230194406	429.42088230194406
1688000.0	423.4973429551476	423.4973429551476
1689000.0	435.7338236747646	435.7338236747646
1690000.0	424.1342718504272	424.1342718504272
1691000.0	431.3427372624304	431.3427372624304
1692000.0	422.12286448602305	422.12286448602305
1693000.0	418.22180077827085	418.22180077827085
1694000.0	427.56141216216275	427.56141216216275
1695000.0	423.59494501334825	423.59494501334825
1696000.0	405.918910410802	405.918910410802
1697000.0	418.32242145683256	418.32242145683256
1698000.0	416.3562933977784	416.3562933977784
1699000.0	414.1446508830403	414.1446508830403
1700000.0	421.04219839829346	421.04219839829346
1701000.0	429.59696848942247	429.59696848942247
1702000.0	426.1778778319696	426.1778778319696
1703000.0	414.59845014334456	414.59845014334456
1704000.0	440.5565727981229	440.5565727981229
1705000.0	420.76851015261445	420.76851015261445
1706000.0	421.19413562292	421.19413562292
1707000.0	424.24998563077224	424.24998563077224
1708000.0	429.76098019547493	429.76098019547493
1709000.0	420.9546584079472	420.9546584079472
1710000.0	427.4497232089609	427.4497232089609
1711000.0	426.84096810368004	426.84096810368004
1712000.0	405.0022560291249	405.0022560291249
1713000.0	421.04320460507927	421.04320460507927
1714000.0	427.1619480682807	427.1619480682807
1715000.0	424.71686557928825	424.71686557928825
1716000.0	414.21407915124587	414.21407915124587
1717000.0	413.4302440652651	413.4302440652651
1718000.0	424.6092014532296	424.6092014532296
1719000.0	429.6663967576317	429.6663967576317
1720000.0	414.91943010794887	414.91943010794887
1721000.0	422.6229492584631	422.6229492584631
1722000.0	421.545301791091	421.545301791091
1723000.0	405.56170700191626	405.56170700191626
1724000.0	431.23306072280013	431.23306072280013
1725000.0	414.13458881518596	414.13458881518596
1726000.0	422.41265204027485	422.41265204027485
1727000.0	419.57011787096826	419.57011787096826
1728000.0	416.052418948529	416.052418948529
1729000.0	419.46446615848123	419.46446615848123
1730000.0	414.9697404472279	414.9697404472279
1731000.0	418.009491146511	418.009491146511
1732000.0	416.1027292878081	416.1027292878081
1733000.0	419.4191868531276	419.4191868531276
1734000.0	406.8607199621168	406.8607199621168
1735000.0	412.112113176138	412.112113176138
1736000.0	417.19043882303816	417.19043882303816
1737000.0	412.7953275835571	412.7953275835571
1738000.0	413.00763721531695	413.00763721531695
1739000.0	422.23757205958225	422.23757205958225
1740000.0	405.38461460765205	405.38461460765205
1741000.0	428.8704871902213	428.8704871902213
1742000.0	409.2242997014777	409.2242997014777
1743000.0	412.3123483264719	412.3123483264719
1744000.0	433.1659839579265	433.1659839579265
1745000.0	411.2910484390936	411.2910484390936
1746000.0	413.1344192703021	413.1344192703021
1747000.0	430.1181836043607	430.1181836043607
1748000.0	426.30969092088384	426.30969092088384
1749000.0	426.0299654344863	426.0299654344863
1750000.0	422.428751348844	422.428751348844
1751000.0	419.8931102491442	419.8931102491442
1752000.0	416.3733989131333	416.3733989131333
1753000.0	418.85872967355414	418.85872967355414
1754000.0	397.81391475283414	397.81391475283414
1755000.0	407.80957296093584	407.80957296093584
1756000.0	413.2662323592163	413.2662323592163
1757000.0	419.36183306634797	419.36183306634797
1758000.0	422.83022785629396	422.83022785629396
1759000.0	414.6145494519137	414.6145494519137
1760000.0	410.1419602899443	410.1419602899443
1761000.0	402.2371997823103	402.2371997823103
1762000.0	418.9251393214023	418.9251393214023
1763000.0	413.9222791834261	413.9222791834261
1764000.0	432.02192684270625	432.02192684270625
1765000.0	414.32576810444766	414.32576810444766
1766000.0	399.45705043370873	399.45705043370873
1767000.0	414.06415434019095	414.06415434019095
1768000.0	404.25967542135464	404.25967542135464
1769000.0	416.0815989453099	416.0815989453099
1770000.0	428.16413002673613	428.16413002673613
1771000.0	422.63099891274953	422.63099891274953
1772000.0	418.68465589964734	418.68465589964734
1773000.0	420.51897086978363	420.51897086978363
1774000.0	415.8622458660531	415.8622458660531
1775000.0	426.50891986443196	426.50891986443196
1776000.0	417.14817813804194	417.14817813804194
1777000.0	427.65901422036706	427.65901422036706
1778000.0	432.7916750336858	432.7916750336858
1779000.0	426.07524473984	426.07524473984
1780000.0	437.2723138499416	437.2723138499416
1781000.0	422.6541416688156	422.6541416688156
1782000.0	421.58152523537245	421.58152523537245
1783000.0	427.01906670472636	427.01906670472636
1784000.0	430.15239463507055	430.15239463507055
1785000.0	417.75492082975484	417.75492082975484
1786000.0	419.20587101458557	419.20587101458557
1787000.0	422.1117962113829	422.1117962113829
1788000.0	404.1932657735065	404.1932657735065
1789000.0	427.4557604496757	427.4557604496757
1790000.0	416.474019591695	416.474019591695
1791000.0	424.57599662930187	424.57599662930187
1792000.0	422.7044520080946	422.7044520080946
1793000.0	401.9121949905628	401.9121949905628
1794000.0	428.2406017424423	428.2406017424423
1795000.0	422.0564548381749	422.0564548381749
1796000.0	411.80220148617383	411.80220148617383
1797000.0	419.47452822633926	419.47452822633926
1798000.0	438.4566192365866	438.4566192365866
1799000.0	421.56039489287434	421.56039489287434
1800000.0	411.3423649851584	411.3423649851584
1801000.0	412.80941447855463	412.80941447855463
1802000.0	425.425235156345	425.425235156345
1803000.0	432.92550053617157	432.92550053617157
1804000.0	416.2224678952926	416.2224678952926
1805000.0	409.567416215366	409.567416215366
1806000.0	425.35178206099624	425.35178206099624
1807000.0	426.3529578126659	426.3529578126659
1808000.0	419.49767098240534	419.49767098240534
1809000.0	420.35093433659165	420.35093433659165
1810000.0	421.77672935177736	421.77672935177736
1811000.0	437.40915797278114	437.40915797278114
1812000.0	427.0895011797214	427.0895011797214
1813000.0	419.97058817163617	419.97058817163617
1814000.0	422.8604140598643	422.8604140598643
1815000.0	419.7874585366535	419.7874585366535
1816000.0	419.42421788705656	419.42421788705656
1817000.0	417.45808982800605	417.45808982800605
1818000.0	414.0631481334088	414.0631481334088
1819000.0	424.59310214466046	424.59310214466046
1820000.0	419.45742271098067	419.45742271098067
1821000.0	414.68699634047664	414.68699634047664
1822000.0	412.6222600164361	412.6222600164361
1823000.0	407.7250515909469	407.7250515909469
1824000.0	405.65528423297366	405.65528423297366
1825000.0	409.7787196403437	409.7787196403437
1826000.0	419.6314964848911	419.6314964848911
1827000.0	418.87986001605225	418.87986001605225
1828000.0	411.09282570233125	411.09282570233125
1829000.0	413.1947916774391	413.1947916774391
1830000.0	411.68648770582877	411.68648770582877
1831000.0	413.6465785241718	413.6465785241718
1832000.0	408.5360542601333	408.5360542601333
1833000.0	425.3417199931419	425.3417199931419
1834000.0	432.7524329690506	432.7524329690506
1835000.0	415.64993623428956	415.64993623428956
1836000.0	420.93855909937804	420.93855909937804
1837000.0	426.7826081101146	426.7826081101146
1838000.0	398.7104449987989	398.7104449987989
1839000.0	414.3670225826545	414.3670225826545
1840000.0	423.88171394724264	423.88171394724264
1841000.0	409.826011359269	409.826011359269
1842000.0	404.2737623163522	404.2737623163522
1843000.0	409.70325413142336	409.70325413142336
1844000.0	418.37071938253996	418.37071938253996
1845000.0	417.5073939604956	417.5073939604956
1846000.0	415.5382472810914	415.5382472810914
1847000.0	417.85956633545607	417.85956633545607
1848000.0	427.8340942010633	427.8340942010633
1849000.0	411.7579283876096	411.7579283876096
1850000.0	416.55350992775493	416.55350992775493
1851000.0	424.59511455822843	424.59511455822843
1852000.0	430.7269387096452	430.7269387096452
1853000.0	413.33264200706446	413.33264200706446
1854000.0	430.78932353035384	430.78932353035384
1855000.0	415.2947452389754	415.2947452389754
1856000.0	422.7195451098816	422.7195451098816
1857000.0	420.8369322140306	420.8369322140306
1858000.0	429.505403671933	429.505403671933
1859000.0	428.6018299784676	428.6018299784676
1860000.0	441.73886577119623	441.73886577119623
1861000.0	419.10625654280966	419.10625654280966
1862000.0	423.2156050551785	423.2156050551785
1863000.0	424.0477380668667	424.0477380668667
1864000.0	435.88978572653434	435.88978572653434
1865000.0	421.77974797213477	421.77974797213477
1866000.0	421.5020348993089	421.5020348993089
1867000.0	421.28469423362367	421.28469423362367
1868000.0	425.6918799545271	425.6918799545271
1869000.0	413.9061798748533	413.9061798748533
1870000.0	425.1988386295839	425.1988386295839
1871000.0	419.1243682649504	419.1243682649504
1872000.0	431.5419662059785	431.5419662059785
1873000.0	426.0329840548437	426.0329840548437
1874000.0	428.4327872384898	428.4327872384898
1875000.0	425.76432684309003	425.76432684309003
1876000.0	418.476371095027	418.476371095027
1877000.0	410.21541338528937	410.21541338528937
1878000.0	420.20302193910834	420.20302193910834
1879000.0	414.18087432732176	414.18087432732176
1880000.0	413.0670034156682	413.0670034156682
1881000.0	416.3723927063475	416.3723927063475
1882000.0	424.15037115899634	424.15037115899634
1883000.0	426.7634901811844	426.7634901811844
1884000.0	429.7106698561922	429.7106698561922
1885000.0	430.3546421989761	430.3546421989761
1886000.0	420.3408722687337	420.3408722687337
1887000.0	423.9551670425914	423.9551670425914
1888000.0	433.8673100874864	433.8673100874864
1889000.0	426.5662736512079	426.5662736512079
1890000.0	425.1032489849549	425.1032489849549
1891000.0	426.11951783840425	426.11951783840425
1892000.0	406.5025103464452	406.5025103464452
1893000.0	428.4589486149133	428.4589486149133
1894000.0	421.9256479560465	421.9256479560465
1895000.0	431.7904992820198	431.7904992820198
1896000.0	418.9462696639004	418.9462696639004
1897000.0	432.012870981634	432.012870981634
1898000.0	423.9269932525927	423.9269932525927
1899000.0	405.4872476997817	405.4872476997817
1900000.0	407.4080964534822	407.4080964534822
1901000.0	412.17852282398616	412.17852282398616
1902000.0	422.41868928098967	422.41868928098967
1903000.0	434.4539286434906	434.4539286434906
1904000.0	421.123701147925	421.123701147925
1905000.0	432.67294263298703	432.67294263298703
1906000.0	424.8184924646321	424.8184924646321
1907000.0	426.7101612215517	426.7101612215517
1908000.0	423.901838082955	423.901838082955
1909000.0	430.5971380343063	430.5971380343063
1910000.0	431.16061383423715	431.16061383423715
1911000.0	413.15454340601445	413.15454340601445
1912000.0	417.05158228662344	417.05158228662344
1913000.0	416.769844386658	416.769844386658
1914000.0	407.53990954239265	407.53990954239265
1915000.0	412.8154517192694	412.8154517192694
1916000.0	424.9643924485438	424.9643924485438
1917000.0	425.03281450996354	425.03281450996354
1918000.0	428.47504792348246	428.47504792348246
1919000.0	424.6585055857228	424.6585055857228
1920000.0	428.614910666683	428.614910666683
1921000.0	406.11713314756435	406.11713314756435
1922000.0	427.4054501103967	427.4054501103967
1923000.0	422.44082583026994	422.44082583026994
1924000.0	415.296757652547	415.296757652547
1925000.0	430.23087876434465	430.23087876434465
1926000.0	428.19532243708863	428.19532243708863
1927000.0	417.6039898119141	417.6039898119141
1928000.0	407.0015889120995	407.0015889120995
1929000.0	428.3029865631473	428.3029865631473
1930000.0	423.32830021516247	423.32830021516247
1931000.0	413.97258952270147	413.97258952270147
1932000.0	416.2617099599315	416.2617099599315
1933000.0	397.9417030146051	397.9417030146051
1934000.0	416.83021679379135	416.83021679379135
1935000.0	417.41683534979194	417.41683534979194
1936000.0	419.44132340241515	419.44132340241515
1937000.0	430.08196016007923	430.08196016007923
1938000.0	420.79668394260585	420.79668394260585
1939000.0	416.4227030456266	416.4227030456266
1940000.0	423.17233816339643	423.17233816339643
1941000.0	409.57144104251284	409.57144104251284
1942000.0	408.57127149762897	408.57127149762897
1943000.0	422.6712471841705	422.6712471841705
1944000.0	410.8422802127183	410.8422802127183
1945000.0	411.21256430981583	411.21256430981583
1946000.0	410.25868027707514	410.25868027707514
1947000.0	412.24191385148055	412.24191385148055
1948000.0	401.549960547748	401.549960547748
1949000.0	412.20569040719545	412.20569040719545
1950000.0	400.3314441303895	400.3314441303895
1951000.0	414.7373066797557	414.7373066797557
1952000.0	412.6957131117848	412.6957131117848
1953000.0	414.91439907401985	414.91439907401985
1954000.0	420.7282618811898	420.7282618811898
1955000.0	425.1455096699512	425.1455096699512
1956000.0	425.779419944877	425.779419944877
1957000.0	413.52180888275825	413.52180888275825
1958000.0	413.6435599038144	413.6435599038144
1959000.0	399.96216624008144	399.96216624008144
1960000.0	405.6442159583335	405.6442159583335
1961000.0	403.15787899112695	403.15787899112695
1962000.0	397.8441009564008	397.8441009564008
1963000.0	427.48695286003186	427.48695286003186
1964000.0	389.11928191850825	389.11928191850825
1965000.0	409.47082036395113	409.47082036395113
1966000.0	409.55031070001104	409.55031070001104
1967000.0	409.2736038339746	409.2736038339746
1968000.0	406.24995244326067	406.24995244326067
1969000.0	406.89996202675565	406.89996202675565
1970000.0	405.60899872083786	405.60899872083786
1971000.0	402.12551082910846	402.12551082910846
1972000.0	416.4951499341932	416.4951499341932
1973000.0	403.9256147685386	403.9256147685386
1974000.0	403.15184175041213	403.15184175041213
1975000.0	406.57998826893714	406.57998826893714
1976000.0	416.16813272887407	416.16813272887407
1977000.0	414.22313501231804	414.22313501231804
1978000.0	417.34036363408944	417.34036363408944
1979000.0	435.56779955514423	435.56779955514423
1980000.0	427.432617693606	427.432617693606
1981000.0	425.4403282581283	425.4403282581283
1982000.0	428.95500856021386	428.95500856021386
1983000.0	419.51779511811765	419.51779511811765
1984000.0	406.1181393543465	406.1181393543465
1985000.0	409.856197562832	409.856197562832
1986000.0	415.1498514618495	415.1498514618495
1987000.0	419.6556454477466	419.6556454477466
1988000.0	405.9128731700872	405.9128731700872
1989000.0	408.88923284187956	408.88923284187956
1990000.0	428.6008237716818	428.6008237716818
1991000.0	418.6091903907233	418.6091903907233
1992000.0	421.99507622425205	421.99507622425205
1993000.0	419.6747633766695	419.6747633766695
1994000.0	431.9796661577136	431.9796661577136
1995000.0	420.6860011961935	420.6860011961935
1996000.0	424.5055621543105	424.5055621543105
1997000.0	425.49466342455054	425.49466342455054
1998000.0	424.4099725096815	424.4099725096815
1999000.0	415.44366384324087	415.44366384324087
2000000.0	431.39807863563834	431.39807863563834
