nan
0.3397764364656254
0.46109886071731815
0.5293726037129641
0.5746349607242325
0.6074004451202711
0.6324774387766133
0.6524267408057389
0.6687560925832147
0.6824191821303554
0.694052715865457
0.7041001258487711
0.7128809310232074
0.7206319085430696
0.7275326936295188
0.7337223238708979
0.7393102860723172
0.7443841017715391
0.7490146639837882
0.7532600725552716
0.7571684428087984
0.7607799970322907
0.7641286454600448
0.7672431976214075
0.7701483019180819
0.772865182579227
0.775412223618012
0.7778054359083206
0.7800588340137548
0.7821847426419138
0.7841940477175343
0.7860964035027538
0.7879004045582966
0.7896137293724345
0.7912432610006526
0.7927951889317071
0.7942750955285172
0.7956880297231664
0.7970385701229545
0.7983308792746595
0.7995687505103305
0.8007556485404232
0.8018947447540604
0.8029889480204628
0.804040931651504
0.8050531570763416
0.8060278946899913
0.8069672422645979
0.8078731412518758
0.8087473912552511
0.8095916629087542
0.810407509365051
0.8111963765659824
0.8119596124445833
0.8126984751869563
0.8134141406649543
0.8141077091358266
0.8147802112923734
0.8154326137363986
0.8160658239390111
0.8166806947434123
0.8172780284589807
0.8178585805895653
0.8184230632338074
0.8189721481908838
0.819506469801184
0.8200266275481695
0.8205331884445919
0.8210266892238145
0.821507638354603
0.82197651789617
0.8224337852074157
0.8228798745245645
0.8233151984182876
0.8237401491412271
0.8241550998754384
0.8245604058883668
0.8249564056051362
0.825343421604173
0.8257217615425203
0.8260917190166062
0.8264535743636808
0.826807595408674
0.8271540381607778
0.8274931474636866
0.8278251576030712
0.8281502928745452
0.8284687681151134
0.8287807892008229
0.8290865535131104
0.829386250376137
0.8296800614671985
0.829968161202142
0.8302507170975517
0.8305278901113333
0.8307998349631891
0.8310667004363661
0.8313286296619473
0.8315857603868554
0.8318382252266604
0.832086151904183
0.8332618680410414
0.8343408368552302
0.8353346716904363
0.8362531836627737
0.8371047202466511
0.8378964299545855
0.8386344713363331
0.8393241795467506
0.8399702002372129
0.8405765980370349
0.8411469450968867
0.8416843938551241
0.8421917372233325
0.8426714586648151
0.8431257740984608
0.8435566671481223
0.8439659189421798
0.8443551334244218
0.8447257589479558
0.8450791067755201
0.8454163669926074
0.8457386222470284
0.8460468596544851
0.8463419811502856
0.8466248125193723
0.8468961112979357
0.8471565737081744
0.8474068407618051
0.8476475036465736
0.8478791084923794
0.8497921352746626
0.8511834555072277
0.8522415644104602
0.853073729289685
0.8537455483383342
0.8542994200032427
0.8547639791594979
0.8551592697884816
0.8554997457882516
0.8557960949756481
0.8560563920400741
0.8562868520148897
0.856492337049998
0.8566767058979048
0.8568430603022029
0.8569939221493985
0.8571313629802672
0.8572571003838048
0.8573725705197257
0.8574789835473072
0.8575773664338603
0.8576685963818902
0.8577534271901651
0.8578325102328187
0.8579064112969463
0.8579756242024841
0.8580405818988921
0.8581016655738481
0.8581592121644089
0.8582135206039931
0.8582648570362653
0.858313459193738
0.8583595400926448
0.8584032911655414
0.8584448849290187
0.8584844772651135
0.8585222093801579
0.858558209493079
0.8585925942957666
0.8586254702206433
0.8586569345655466
0.8586870763527303
0.8587159773842468
0.8587437128082527
0.8587703517463133
