         0  -21.047692     -21.047692     -1.0974711     -19.931894     -20.368558     -17.329119     -0.67913391    -2.6027759     -1.5641685     -3.323522       0.88503463     0.72074615    -0.44477694     0.44477694    -30           
         0  -20.971918     -20.971918     -1.0610803     -19.892512     -20.299669     -17.286406     -0.67224869    -2.6061056     -1.5554563     -3.3240949      0.88320764     0.71798935    -0.44448858     0.44448858    -30           
         0  -20.752323     -20.752323     -0.95654034    -19.777456     -20.099831     -17.161872     -0.65249155    -2.6155842     -1.5303458     -3.3254562      0.87785424     0.70987205    -0.44364592     0.44364592    -30           
         0  -20.409838     -20.409838     -0.79629908    -19.595213     -19.787571     -16.965397     -0.62226718    -2.6298162     -1.4916032     -3.3266437      0.86933602     0.69682755    -0.44231516     0.44231516    -30           
         0  -19.973089     -19.973089     -0.59708026    -19.357683     -19.388307     -16.710808     -0.5847821     -2.6468748     -1.4429701     -3.3263708      0.85818803     0.67949607    -0.44060026     0.44060026    -30           
         0  -19.472258     -19.472258     -0.37600484    -19.077927     -18.928973     -16.413191     -0.54328569    -2.6647364     -1.3883163     -3.3233575      0.8450306      0.65862116    -0.43862812     0.43862812    -30           
         0  -18.934507     -18.934507     -0.1477938     -18.768387     -18.433968     -16.086741     -0.50053888    -2.6816461     -1.3310149     -3.3165892      0.83047597     0.63494304    -0.43652679     0.43652679    -30           
         0  -18.38167      -18.38167       0.076503192   -18.439847     -17.923082     -15.74352      -0.45858834    -2.696327      -1.2736426     -3.3054431      0.81505428     0.60911618    -0.43440387     0.43440387    -30           
         0  -17.829823     -17.829823      0.28956726    -18.101064     -17.41105      -15.393035     -0.41877338    -2.7080289     -1.2179469     -3.2896937      0.7991735      0.58166472    -0.43233244     0.43233244    -30           
         0  -17.289925     -17.289925      0.48721325    -17.758812     -16.908073     -15.042343     -0.38185198    -2.7164694     -1.1649648     -3.2694435      0.78311281     0.55297409    -0.43034688     0.43034688    -30           
         0  -16.768874     -16.768874      0.66758817    -17.418136     -16.420716     -14.696414     -0.34815786    -2.7217225     -1.1151973     -3.2450298      0.76703942     0.52330726    -0.42844708     0.42844708    -30           
         0  -16.270573     -16.270573      0.83042106    -17.082667     -15.952831     -14.358566     -0.31774181    -2.7241011     -1.0687781     -3.2169339      0.75103633     0.49283288    -0.4266072      0.4266072     -30           
         0  -15.79683      -15.79683       0.97642427    -16.754928     -15.506349     -14.030874     -0.29048119    -2.7240539     -1.0256124     -3.1857094      0.73513124     0.46165547    -0.42478563     0.42478563    -30           
         0  -15.348057     -15.348057      1.1068582     -16.436589     -15.0819       -13.714503     -0.26615718    -2.7220858     -0.98547829    -3.151928       0.71932112     0.42984223    -0.42293382     0.42293382    -30           
         0  -14.923772     -14.923772      1.2232349     -16.128681     -14.679266     -13.409981     -0.24450607    -2.7186998     -0.94809625    -3.1161437      0.70359018     0.39744385    -0.42100303     0.42100303    -30           
         0  -14.522955     -14.522955      1.3271272     -15.831756     -14.297703     -13.117395     -0.22525148    -2.7143602     -0.91317314    -3.0788693      0.68792167     0.36450917    -0.41894895     0.41894895    -30           
         0  -14.144285     -14.144285      1.4200528     -15.546012     -13.936162     -12.836543     -0.20812355    -2.7094691     -0.88042793    -3.0405635      0.67230438     0.33109444    -0.41673424     0.41673424    -30           
         0  -13.786307     -13.786307      1.5034092     -15.27139      -13.593437     -12.567034     -0.19286957    -2.7043561     -0.84960508    -3.0016241      0.65673551     0.29726799    -0.41432971     0.41432971    -30           
         0  -13.447528     -13.447528      1.5784433     -15.007645     -13.268269     -12.308369     -0.1792591     -2.6992753     -0.82048015    -2.9623871      0.64122106     0.26311178    -0.41171444     0.41171444    -30           
         0  -13.126487     -13.126487      1.6462412     -14.754402     -12.959401     -12.059994     -0.16708579    -2.6944078     -0.79286059    -2.9231284      0.62577481     0.2287206     -0.40887521     0.40887521    -30           
         0  -12.821792     -12.821792      1.7077322     -14.511198     -12.665625     -11.82133      -0.15616718    -2.6898684     -0.76658383    -2.8840684      0.61041665     0.19419996    -0.40580572     0.40580572    -30           
         0  -12.532143     -12.532143      1.7637002     -14.277517     -12.3858       -11.591803     -0.14634341    -2.6857142     -0.74151411    -2.8453773      0.5951707      0.15966312    -0.40250549     0.40250549    -30           
         0  -12.256339     -12.256339      1.8147981     -14.052811     -12.118864     -11.370858     -0.13747527    -2.6819534     -0.71753877    -2.8071813      0.5800635      0.12522795    -0.39897886     0.39897886    -30           
         0  -11.993284     -11.993284      1.8615653     -13.836523     -11.863842     -11.157968     -0.12944215    -2.678555      -0.69456457    -2.7695688      0.56512243     0.091013788   -0.395234       0.395234      -30           
         0  -11.74198      -11.74198       1.9044432     -13.628097     -11.61984      -10.952639     -0.12213985    -2.6754582     -0.67251431    -2.7325968      0.55037447     0.057138603   -0.39128202     0.39128202    -30           
         0  -11.501529     -11.501529      1.9437916     -13.426995     -11.386051     -10.754415     -0.11547857    -2.6725796     -0.65132378    -2.6962961      0.5358452      0.023716511   -0.38713618     0.38713618    -30           
         0  -11.271121     -11.271121      1.9799025     -13.232697     -11.16174      -10.562875     -0.10938104    -2.6698215     -0.63093918    -2.6606772      0.52155814    -0.0091442549  -0.38281126     0.38281126    -30           
         0  -11.050026     -11.050026      2.013013      -13.044713     -10.946245     -10.377635     -0.10378073    -2.6670772     -0.611315      -2.6257343      0.50753427    -0.041342928   -0.37832298     0.37832298    -30           
         0  -10.837591     -10.837591      2.0433156     -12.862581     -10.738971     -10.198344     -0.098620449   -2.664237      -0.59241224    -2.5914496      0.49379179    -0.072787378   -0.37368758     0.37368758    -30           
         0  -10.633231     -10.633231      2.0709685     -12.685873     -10.53938      -10.024682     -0.093850933   -2.6611915     -0.57419698    -2.5577966      0.48034604    -0.10339489    -0.36892144     0.36892144    -30           
         0  -10.436419     -10.436419      2.0961022     -12.514195     -10.346989     -9.8563592     -0.089429729   -2.6578357     -0.55663924    -2.5247431      0.46720951    -0.13309263    -0.36404081     0.36404081    -30           
         0  -10.246682     -10.246682      2.1188271     -12.347183     -10.161362     -9.6931121     -0.085320191   -2.6540711     -0.53971214    -2.4922533      0.45439195    -0.16181779    -0.3590616      0.3590616     -30           
         0  -10.063597     -10.063597      2.1392379     -12.184508     -9.982106      -9.5347008     -0.08149062    -2.6498074     -0.52339115    -2.4602899      0.44190053    -0.18951752    -0.35399918     0.35399918    -30           
         0  -9.886779      -9.886779       2.1574184     -12.025871     -9.8088654     -9.380907      -0.077913537   -2.644964      -0.50765358    -2.4288153      0.42974004    -0.2161487     -0.34886829     0.34886829    -30           
         0  -9.7158841     -9.7158841      2.1734444     -11.871002     -9.641319      -9.2315314     -0.074565049   -2.6394708     -0.49247821    -2.3977932      0.41791316    -0.24167754    -0.34368295     0.34368295    -30           
         0  -9.5505993     -9.5505993      2.1873866     -11.71966      -9.479175      -9.0863917     -0.071424327   -2.633268      -0.47784496    -2.367189       0.40642063    -0.26607903    -0.33845638     0.33845638    -30           
         0  -9.390641      -9.390641       2.1993126     -11.571627     -9.3221678     -8.9453205     -0.068473148   -2.6263068     -0.46373465    -2.3369703      0.3952615     -0.28933642    -0.333201       0.333201      -30           
         0  -9.2357508     -9.2357508      2.2092879     -11.426712     -9.1700553     -8.8081639     -0.065695514   -2.6185486     -0.45012889    -2.307108       0.38443338    -0.31144054    -0.32792836     0.32792836    -30           
         0  -9.0856929     -9.0856929      2.2173776     -11.284744     -9.0226156     -8.6747793     -0.063077327   -2.6099649     -0.43700993    -2.2775758      0.3739326     -0.33238917    -0.32264923     0.32264923    -30           
         0  -8.940251      -8.940251       2.2236466     -11.145571     -8.8796449     -8.5450346     -0.060606115   -2.6005368     -0.42436058    -2.2483504      0.36375447    -0.35218635    -0.3173735      0.3173735     -30           
         0  -8.7992262     -8.7992262      2.2281603     -11.00906      -8.7409554     -8.4188066     -0.0582708     -2.5902537     -0.41216417    -2.2194119      0.35389337    -0.37084172    -0.3121103      0.3121103     -30           
         0  -8.6624349     -8.6624349      2.2309846     -10.875093     -8.6063734     -8.2959799     -0.056061499   -2.5791133     -0.40040448    -2.1907434      0.34434298    -0.38836991    -0.30686795     0.30686795    -30           
         0  -8.5297069     -8.5297069      2.2321864     -10.743567     -8.4757375     -8.1764463     -0.05396936    -2.5671207     -0.38906578    -2.1623308      0.33509642    -0.40478986    -0.30165405     0.30165405    -30           
         0  -8.4008839     -8.4008839      2.231833      -10.614391     -8.3488974     -8.0601036     -0.051986422   -2.5542871     -0.37813275    -2.1341628      0.32614633    -0.42012425    -0.29647545     0.29647545    -30           
         0  -8.2758181     -8.2758181      2.2299925     -10.487484     -8.2257126     -7.9468549     -0.050105493   -2.5406295     -0.36759051    -2.1062306      0.31748502    -0.43439896    -0.29133837     0.29133837    -30           
         0  -8.1543713     -8.1543713      2.2267332     -10.362778     -8.1060513     -7.8366082     -0.048320051   -2.5261701     -0.35742459    -2.0785275      0.30910454    -0.44764254    -0.28624834     0.28624834    -30           
         0  -8.0364134     -8.0364134      2.2221237     -10.240211     -7.9897893     -7.7292759     -0.046624158   -2.5109349     -0.34762097    -2.0510492      0.30099681    -0.4598857     -0.28121033     0.28121033    -30           
         0  -7.9218217     -7.9218217      2.2162322     -10.119728     -7.8768094     -7.6247738     -0.045012387   -2.4949539     -0.33816601    -2.023793       0.29315363    -0.47116093    -0.27622871     0.27622871    -30           
         0  -7.8104804     -7.8104804      2.2091269     -10.001281     -7.7670007     -7.5230214     -0.043479758   -2.4782596     -0.32904654    -1.9967575      0.28556678    -0.48150205    -0.27130736     0.27130736    -30           
         0  -7.7022795     -7.7022795      2.2008752     -9.8848284     -7.6602578     -7.4239413     -0.04202169    -2.4608871     -0.32024977    -1.9699432      0.27822808    -0.49094387    -0.26644963     0.26644963    -30           
         0  -7.5971145     -7.5971145      2.1915437     -9.7703319     -7.5564805     -7.3274587     -0.040633952   -2.4428732     -0.31176335    -1.9433513      0.2711294     -0.49952187    -0.26165845     0.26165845    -30           
         0  -7.4948858     -7.4948858      2.181198      -9.6577575     -7.4555732     -7.2335015     -0.039312625   -2.424256      -0.30357533    -1.9169841      0.26426271    -0.50727188    -0.25693631     0.25693631    -30           
         0  -7.3954983     -7.3954983      2.1699022     -9.5470742     -7.3574442     -7.1419997     -0.038054072   -2.4050746     -0.29567419    -1.8908447      0.25762012    -0.51422989    -0.25228531     0.25228531    -30           
         0  -7.2988609     -7.2988609      2.1577194     -9.438254      -7.262006      -7.0528857     -0.036854903   -2.3853684     -0.28804879    -1.8649366      0.25119389    -0.52043176    -0.2477072      0.2477072     -30           
         0  -7.2048865     -7.2048865      2.1447106     -9.3312709     -7.1691746     -6.9660938     -0.035711959   -2.3651771     -0.28068842    -1.839264       0.24497646    -0.52591306    -0.24320341     0.24320341    -30           
         0  -7.1134914     -7.1134914      2.1309353     -9.2261004     -7.0788691     -6.8815602     -0.034622282   -2.3445402     -0.27358272    -1.8138313      0.23896044    -0.53070891    -0.23877506     0.23877506    -30           
         0  -7.0245949     -7.0245949      2.1164511     -9.1227198     -6.9910118     -6.799223      -0.033583104   -2.3234968     -0.26672177    -1.788643       0.23313866    -0.53485381    -0.23442298     0.23442298    -30           
         0  -6.9381197     -6.9381197      2.1013137     -9.0211071     -6.9055278     -6.7190217     -0.032591824   -2.3020854     -0.26009598    -1.7637039      0.22750415    -0.53838156    -0.23014779     0.23014779    -30           
         0  -6.853991      -6.853991       2.0855767     -8.9212414     -6.822345      -6.6408978     -0.031646      -2.2803436     -0.25369615    -1.7390185      0.22205015    -0.54132511    -0.22594986     0.22594986    -30           
         0  -6.7721368     -6.7721368      2.0692916     -8.8231022     -6.7413935     -6.564794      -0.030743333   -2.2583081     -0.24751344    -1.7145916      0.2167701     -0.54371654    -0.22182934     0.22182934    -30           
         0  -6.6924878     -6.6924878      2.0525078     -8.7266693     -6.6626061     -6.4906548     -0.029881655   -2.2360145     -0.24153934    -1.6904275      0.21165768    -0.54558694    -0.21778623     0.21778623    -30           
         0  -6.6149766     -6.6149766      2.0352725     -8.6319229     -6.5859177     -6.4184259     -0.029058924   -2.213497      -0.2357657     -1.6665306      0.20670678    -0.54696641    -0.21382034     0.21382034    -30           
         0  -6.5395386     -6.5395386      2.017631      -8.5388433     -6.5112654     -6.3480545     -0.028273208   -2.1907888     -0.23018468    -1.6429049      0.20191148    -0.54788397    -0.20993133     0.20993133    -30           
         0  -6.4661109     -6.4661109      1.9996261     -8.4474107     -6.4385882     -6.2794891     -0.027522685   -2.1679216     -0.22478878    -1.619554       0.19726609    -0.5483676     -0.20611875     0.20611875    -30           
         0  -6.3946329     -6.3946329      1.9812987     -8.3576054     -6.3678273     -6.2126797     -0.026805629   -2.1449257     -0.21957077    -1.5964815      0.19276514    -0.54844415    -0.202382       0.202382      -30           
         0  -6.3250459     -6.3250459      1.9626877     -8.2694073     -6.2989255     -6.1475774     -0.026120407   -2.12183       -0.21452374    -1.5736905      0.18840333    -0.54813942    -0.19872041     0.19872041    -30           
         0  -6.2572932     -6.2572932      1.9438297     -8.1827966     -6.2318277     -6.0841347     -0.025465475   -2.0986619     -0.20964106    -1.5511838      0.18417559    -0.54747808    -0.19513318     0.19513318    -30           
         0  -6.1913196     -6.1913196      1.9247594     -8.0977527     -6.1664802     -6.0223053     -0.024839368   -2.0754475     -0.20491638    -1.5289637      0.18007701    -0.54648372    -0.19161946     0.19161946    -30           
         0  -6.1270719     -6.1270719      1.9055097     -8.0142553     -6.1028312     -5.962044      -0.024240699   -2.0522113     -0.20034361    -1.5070324      0.17610291    -0.54517888    -0.18817831     0.18817831    -30           
         0  -6.0644986     -6.0644986      1.8861114     -7.9322837     -6.0408305     -5.9033071     -0.023668151   -2.0289766     -0.1959169     -1.4853916      0.17224874    -0.54358503    -0.18480873     0.18480873    -30           
         0  -6.0035497     -6.0035497      1.8665934     -7.8518169     -5.9804293     -5.8460517     -0.023120476   -2.0057652     -0.19163066    -1.4640426      0.16851018    -0.5417226     -0.18150969     0.18150969    -30           
         0  -5.9441769     -5.9441769      1.8469832     -7.7728338     -5.9215804     -5.7902363     -0.022596492   -1.9825975     -0.18747952    -1.4429865      0.16488303    -0.53961103    -0.1782801      0.1782801     -30           
         0  -5.8863333     -5.8863333      1.8273061     -7.6953131     -5.8642382     -5.7358204     -0.022095072   -1.9594927     -0.18345836    -1.4222239      0.16136329    -0.53726876    -0.17511882     0.17511882    -30           
         0  -5.8299734     -5.8299734      1.807586      -7.6192331     -5.8083582     -5.6827646     -0.021615152   -1.9364685     -0.17956225    -1.4017552      0.1579471     -0.5347133     -0.17202469     0.17202469    -30           
         0  -5.7750533     -5.7750533      1.7878453     -7.5445724     -5.7538976     -5.6310308     -0.021155718   -1.9135416     -0.17578648    -1.3815804      0.15463076    -0.53196122    -0.16899655     0.16899655    -30           
         0  -5.7215304     -5.7215304      1.7681048     -7.471309      -5.7008146     -5.5805816     -0.020715808   -1.8907275     -0.17212652    -1.3616992      0.15141071    -0.52902824    -0.16603318     0.16603318    -30           
         0  -5.6693635     -5.6693635      1.7483838     -7.3994211     -5.649069      -5.5313808     -0.020294509   -1.8680403     -0.16857805    -1.3421111      0.14828354    -0.52592917    -0.16313337     0.16313337    -30           
         0  -5.6185125     -5.6185125      1.7287003     -7.3288865     -5.5986215     -5.4833933     -0.019890952   -1.8454933     -0.16513692    -1.3228152      0.14524597    -0.52267804    -0.1602959      0.1602959     -30           
         0  -5.5689387     -5.5689387      1.709071      -7.2596834     -5.5494344     -5.4365849     -0.019504313   -1.8230985     -0.16179916    -1.3038104      0.14229484    -0.51928809    -0.15751954     0.15751954    -30           
         0  -5.5206046     -5.5206046      1.6895111     -7.1917895     -5.5014708     -5.3909223     -0.019133809   -1.8008672     -0.15856095    -1.2850954      0.13942714    -0.51577179    -0.15480306     0.15480306    -30           
         0  -5.4734738     -5.4734738      1.6700351     -7.1251827     -5.4546952     -5.3463733     -0.018778693   -1.7788094     -0.15541865    -1.2666685      0.13663996    -0.51214088    -0.15214522     0.15214522    -30           
         0  -5.4275112     -5.4275112      1.650656      -7.059841      -5.409073      -5.3029066     -0.018438258   -1.7569344     -0.15236876    -1.2485279      0.1339305     -0.50840644    -0.1495448      0.1495448     -30           
         0  -5.3826826     -5.3826826      1.6313859     -6.9957422     -5.3645708     -5.2604917     -0.018111832   -1.7352506     -0.14940793    -1.2306717      0.1312961     -0.50457886    -0.14700058     0.14700058    -30           
         0  -5.3389551     -5.3389551      1.6122357     -6.9328645     -5.3211563     -5.2190989     -0.017798772   -1.7137656     -0.14653294    -1.2130976      0.12873416    -0.50066794    -0.14451134     0.14451134    -30           
         0  -5.2962965     -5.2962965      1.5932157     -6.8711859     -5.278798      -5.1786997     -0.017498472   -1.6924861     -0.1437407     -1.1958033      0.12624223    -0.49668284    -0.14207589     0.14207589    -30           
         0  -5.2546759     -5.2546759      1.5743349     -6.8106846     -5.2374655     -5.1392662     -0.017210352   -1.6714184     -0.14102828    -1.1787862      0.12381793    -0.49263218    -0.13969304     0.13969304    -30           
         0  -5.2140633     -5.2140633      1.5556019     -6.7513389     -5.1971294     -5.1007712     -0.016933861   -1.6505677     -0.13839282    -1.1620437      0.12145896    -0.48852405    -0.13736162     0.13736162    -30           
         0  -5.1744296     -5.1744296      1.5370241     -6.6931274     -5.1577611     -5.0631886     -0.016668476   -1.6299388     -0.13583162    -1.1455729      0.11916315    -0.48436599    -0.13508045     0.13508045    -30           
         0  -5.1357466     -5.1357466      1.5186084     -6.6360288     -5.1193329     -5.0264928     -0.016413698   -1.609536      -0.13334207    -1.1293709      0.11692837    -0.4801651     -0.1328484      0.1328484     -30           
         0  -5.0979871     -5.0979871      1.5003609     -6.5800218     -5.0818181     -4.9906591     -0.016169053   -1.5893627     -0.13092166    -1.1134347      0.11475261    -0.475928      -0.13066435     0.13066435    -30           
         0  -5.0611247     -5.0611247      1.4822872     -6.5250856     -5.0451906     -4.9556636     -0.015934089   -1.569422      -0.128568      -1.0977611      0.11263391    -0.47166086    -0.12852719     0.12852719    -30           
         0  -5.0251336     -5.0251336      1.464392      -6.4711994     -5.0094253     -4.921483      -0.015708377   -1.5497164     -0.12627878    -1.082347       0.11057041    -0.46736946    -0.12643582     0.12643582    -30           
         0  -4.9899893     -4.9899893      1.4466798     -6.4183428     -4.9744978     -4.8880946     -0.015491508   -1.5302482     -0.12405179    -1.067189       0.10856029    -0.4630592     -0.12438917     0.12438917    -30           
         0  -4.9556675     -4.9556675      1.4291541     -6.3664954     -4.9403845     -4.8554766     -0.015283092   -1.5110189     -0.12188491    -1.0522838      0.10660182    -0.45873508    -0.12238621     0.12238621    -30           
         0  -4.9221452     -4.9221452      1.4118184     -6.3156374     -4.9070625     -4.8236077     -0.015082759   -1.4920297     -0.1197761     -1.0376279      0.10469334    -0.45440179    -0.12042589     0.12042589    -30           
         0  -4.8893997     -4.8893997      1.3946754     -6.2657489     -4.8745096     -4.7924672     -0.014890156   -1.4732817     -0.11772341    -1.023218       0.10283325    -0.45006366    -0.11850721     0.11850721    -30           
         0  -4.8574093     -4.8574093      1.3777275     -6.2168105     -4.8427043     -4.7620353     -0.014704946   -1.4547753     -0.11572494    -1.0090505      0.10101999    -0.44572473    -0.11662917     0.11662917    -30           
         0  -4.8261528     -4.8261528      1.3609766     -6.1688031     -4.8116259     -4.7322924     -0.01452681    -1.4365107     -0.1137789     -0.99512195     0.099252092   -0.44138875    -0.11479082     0.11479082    -30           
         0  -4.7956096     -4.7956096      1.3444243     -6.1217077     -4.7812542     -4.7032198     -0.014355441   -1.4184879     -0.11188355    -0.9814287      0.097528113   -0.4370592     -0.11299119     0.11299119    -30           
         0  -4.7657601     -4.7657601      1.3280719     -6.0755057     -4.7515695     -4.6747992     -0.01419055    -1.4007065     -0.11003723    -0.96796723     0.095846679   -0.43273928    -0.11122937     0.11122937    -30           
         0  -4.7365849     -4.7365849      1.3119202     -6.0301789     -4.7225531     -4.647013      -0.014031859   -1.3831659     -0.10823832    -0.95473395     0.094206463   -0.42843196    -0.10950445     0.10950445    -30           
         0  -4.6001928     -4.6001928      1.2341851     -5.8160517     -4.5868702     -4.5170131     -0.013322578   -1.2990386     -0.099903129   -0.89186527     0.086580551   -0.40717332    -0.10140297     0.10140297    -30           
         0  -4.4780996     -4.4780996      1.1614572     -5.6212306     -4.4653661     -4.4005034     -0.012733485   -1.2207272     -0.09254548    -0.83416773     0.079811996   -0.38655945    -0.094099427    0.094099427   -30           
         0  -4.3684896     -4.3684896      1.0936061     -5.4437694     -4.3562478     -4.2957966     -0.012241796   -1.1479728     -0.086022988   -0.78120983     0.073781192   -0.36676294    -0.087502378    0.087502378   -30           
         0  -4.2698076     -4.2698076      1.0304269     -5.2819083     -4.2579782     -4.2014421     -0.011829428   -1.0804662     -0.080217434   -0.7325813      0.068388006   -0.34788485    -0.081531264    0.081531264   -30           
         0  -4.1807192     -4.1807192      0.97167118    -5.1340641     -4.1692372     -4.1161907     -0.011481965   -1.0178734     -0.075030181   -0.68789803     0.063548216   -0.32997534    -0.07611533     0.07611533    -30           
         0  -4.1000763     -4.1000763      0.91706812    -4.9988182     -4.0888884     -4.0389649     -0.011187862   -0.95985323    -0.070378536   -0.6468044      0.059190674   -0.31304884    -0.071192521    0.071192521   -30           
         0  -4.0268893     -4.0268893      0.86633941    -4.8749024     -4.0159514     -3.9688334     -0.010937832   -0.90606907    -0.066192837   -0.60897387     0.055255005   -0.2970952     -0.066708444    0.066708444   -30           
         0  -3.9603026     -3.9603026      0.81920913    -4.7611855     -3.9495782     -3.9049892     -0.010724373   -0.85619625    -0.062414137   -0.5741084      0.051689764   -0.28208785    -0.062615415    0.062615415   -30           
         0  -3.8995749     -3.8995749      0.77541014    -4.6566588     -3.8890335     -3.846732      -0.010541392   -0.80992677    -0.058992326   -0.54193715     0.048450934   -0.26798962    -0.058871606    0.058871606   -30           
         0  -3.8440619     -3.8440619      0.73468803    -4.5604237     -3.833678      -3.793452      -0.010383922   -0.76697175    -0.055884628   -0.51221475     0.045500706   -0.254757      -0.055440281    0.055440281   -30           
         0  -3.7932025     -3.7932025      0.69680339    -4.4716796     -3.7829546     -3.7446171     -0.010247895   -0.72706252    -0.053054372   -0.48471943     0.042806477   -0.24234309    -0.052289139    0.052289139   -30           
         0  -3.7465062     -3.7465062      0.66153278    -4.3897127     -3.7363762     -3.699762      -0.010129967   -0.68995072    -0.050469998   -0.459251       0.040340032   -0.23069972    -0.049389733    0.049389733   -30           
         0  -3.7035437     -3.7035437      0.62866901    -4.3138864     -3.6935163     -3.6584786     -0.010027372   -0.65540783    -0.048104238   -0.43562892     0.038076866   -0.21977892    -0.046716963    0.046716963   -30           
         0  -3.6639379     -3.6639379      0.59802084    -4.2436325     -3.6540001     -3.6204082     -0.0099378187  -0.62322427    -0.045933446   -0.41369043     0.035995628   -0.20953384    -0.044248649    0.044248649   -30           
         0  -3.6273568     -3.6273568      0.56941233    -4.1784429     -3.6174974     -3.5852346     -0.0098593983  -0.59320825    -0.043937047   -0.3932888      0.034077648   -0.19991945    -0.041965148    0.041965148   -30           
         0  -3.5935075     -3.5935075      0.54268204    -4.1178632     -3.5837169     -3.5526786     -0.0097905149  -0.56518459    -0.042097072   -0.37429172     0.032306557   -0.19089288    -0.039849035    0.039849035   -30           
         0  -3.5621306     -3.5621306      0.51768207    -4.0614864     -3.5524008     -3.5224929     -0.0097298293  -0.53899345    -0.040397783   -0.35657982     0.030667954   -0.18241363    -0.03788482     0.03788482    -30           
         0  -3.5329963     -3.5329963      0.49427708    -4.0089471     -3.5233201     -3.494458      -0.0096762135  -0.51448907    -0.038825349   -0.34004534     0.029149135   -0.17444373    -0.036058707    0.036058707   -30           
         0  -3.5059002     -3.5059002      0.47234335    -3.9599173     -3.4962715     -3.4683787     -0.0096287144  -0.49153855    -0.037367578   -0.32459091     0.027738863   -0.16694764    -0.034358383    0.034358383   -30           
         0  -3.4806602     -3.4806602      0.45176777    -3.9141017     -3.4710736     -3.4440809     -0.0095865233  -0.47002076    -0.036013694   -0.31012847     0.026427171   -0.15989228    -0.032772839    0.032772839   -30           
         0  -3.4571136     -3.4571136      0.43244698    -3.8712343     -3.4475647     -3.4214091     -0.0095489523  -0.44982525    -0.034754148   -0.29657831     0.025205196   -0.15324694    -0.031292213    0.031292213   -30           
         0  -3.435115      -3.435115       0.4142865     -3.8310753     -3.4255996     -3.400224      -0.0095154138  -0.43085127    -0.033580449   -0.28386817     0.024065036   -0.1469831     -0.029907654    0.029907654   -30           
         0  -3.4145339     -3.4145339      0.39719996    -3.7934076     -3.4050485     -3.3804007     -0.009485405   -0.41300688    -0.032485036   -0.27193252     0.022999631   -0.14107436    -0.028611203    0.028611203   -30           
         0  -3.3952529     -3.3952529      0.38110833    -3.758035      -3.3857945     -3.3618269     -0.0094584936  -0.39620812    -0.031461152   -0.2607118      0.022002659   -0.13549632    -0.027395687    0.027395687   -30           
         0  -3.3771666     -3.3771666      0.3659393     -3.7247796     -3.3677323     -3.3444014     -0.0094343076  -0.38037825    -0.030502751   -0.25015188     0.021068443   -0.13022637    -0.026254638    0.026254638   -30           
         0  -3.3601797     -3.3601797      0.35162663    -3.69348       -3.3507671     -3.3280329     -0.0094125253  -0.3654471     -0.029604405   -0.24020344     0.02019188    -0.12524366    -0.025182204    0.025182204   -30           
         0  -3.344206      -3.344206       0.33810962    -3.6639893     -3.3348131     -3.3126389     -0.0093928682  -0.35135042    -0.028761234   -0.23082154     0.019368366   -0.12052888    -0.024173089    0.024173089   -30           
         0  -3.3291677     -3.3291677      0.32533259    -3.636174      -3.3197926     -3.2981446     -0.0093750943  -0.33802937    -0.027968842   -0.22196515     0.018593747   -0.11606422    -0.023222486    0.023222486   -30           
         0  -3.314994      -3.314994       0.31324441    -3.6099122     -3.3056351     -3.2844822     -0.0093589931  -0.32542997    -0.027223256   -0.21359678     0.017864263   -0.11183319    -0.022326031    0.022326031   -30           
         0  -3.3016209     -3.3016209      0.30179813    -3.5850927     -3.2922765     -3.2715901     -0.0093443805  -0.31350267    -0.026520884   -0.20568212     0.017176504   -0.10782056    -0.02147975     0.02147975    -30           
         0  -3.2012477     -3.2012477      0.21479039    -3.3977118     -3.1920845     -3.1748736     -0.0091631373  -0.22283823    -0.021236188   -0.14574356     0.01207305    -0.077094675   -0.015120383    0.015120383   -30           
         0  -3.1396194     -3.1396194      0.16007433    -3.2813675     -3.1304563     -3.1153611     -0.0091631365  -0.1660064     -0.018071524   -0.10836935     0.0089083879  -0.057637054   -0.011196991    0.011196991   -30           
         0  -3.0991638     -3.0991638      0.12370581    -3.2045433     -3.0900007     -3.0762861     -0.009163136   -0.12825728    -0.016002869   -0.083624085    0.0068397327  -0.044633198   -0.0086170536   0.0086170536  -30           
         0  -3.0712166     -3.0712166      0.098373052   -3.1512633     -3.0620534     -3.0492887     -0.0091631356  -0.10197459    -0.014577858   -0.066431761    0.0054147222  -0.035542828   -0.0068327693   0.0068327693  -30           
         0  -3.0511196     -3.0511196      0.080050506   -3.1128439     -3.0419565     -3.029873      -0.0091631354  -0.082970844   -0.013555163   -0.054019123    0.0043920276  -0.02895172    -0.0055486672   0.0055486672  -30           
         0  -3.0361926     -3.0361926      0.066384109   -3.0842505     -3.0270295     -3.0154509     -0.0091631352  -0.06879951    -0.012796653   -0.044772724    0.0036335178  -0.024026785   -0.0045943492   0.0045943492  -30           
         0  -3.0248064     -3.0248064      0.055926647   -3.0624068     -3.0156433     -3.0044493     -0.0091631351  -0.057957472   -0.012218697   -0.03770423     0.0030555618  -0.020253241   -0.003866091    0.003866091   -30           
         0  -3.0159255     -3.0159255      0.047750349   -3.0453496     -3.0067624     -2.995868      -0.009163135   -0.049481565   -0.011768283   -0.032181716    0.0026051482  -0.017299848   -0.0032978811   0.0032978811  -30           
         0  -3.0088664     -3.0088664      0.041238965   -3.0317791     -2.9997033     -2.9890469     -0.0091631349  -0.042732251   -0.011410502   -0.027786278    0.0022473669  -0.014945973   -0.0028461155   0.0028461155  -30           
         0  -3.0031635     -3.0031635      0.035970542   -3.0208078     -2.9940003     -2.983536      -0.0091631348  -0.03727175    -0.011121609   -0.024231528    0.0019584739  -0.013040222   -0.0024810667   0.0024810667  -30           
         0  -2.9984907     -2.9984907      0.031648477   -3.0118129     -2.9893276     -2.9790205     -0.0091631347  -0.032792397   -0.010885002   -0.021316405    0.0017218677  -0.011475993   -0.0021819098   0.0021819098  -30           
         0  -2.9946144     -2.9946144      0.028059447   -3.0043476     -2.9854513     -2.9752747     -0.0091631347  -0.029072953   -0.010688794   -0.01889644     0.001525659   -0.010176513   -0.0019337086   0.0019337086  -30           
         0  -2.9913635     -2.9913635      0.025046903   -2.9980841     -2.9822004     -2.9721331     -0.0091631347  -0.02595108    -0.010524289   -0.016865703    0.0013611539  -0.0090853773  -0.0017255267   0.0017255267  -30           
         0  -2.9886104     -2.9886104      0.022493889   -2.9927781     -2.9794473     -2.9694726     -0.0091631346  -0.023305511   -0.01038501    -0.015145102    0.0012218758  -0.0081604087  -0.0015492092   0.0015492092  -30           
         0  -2.9862586     -2.9862586      0.020311624   -2.988244      -2.9770955     -2.9671998     -0.0091631346  -0.021044204   -0.010266055   -0.013674638    0.0011029209  -0.007369566   -0.0013985753   0.0013985753  -30           
         0  -2.9842337     -2.9842337      0.018431749   -2.9843392     -2.9750706     -2.9652429     -0.0091631346  -0.019096291   -0.010163655   -0.01240813     0.0010005207  -0.0066881612  -0.0012688723   0.0012688723  -30           
         0  -2.9824779     -2.9824779      0.016800941   -2.9809525     -2.9733147     -2.963546      -0.0091631346  -0.017406498   -0.010074876   -0.011309571    0.00091174118 -0.0060969269  -0.0011563974   0.0011563974  -30           
         0  -2.9809455     -2.9809455      0.015377119   -2.9779963     -2.9717823     -2.9620651     -0.0091631345  -0.015931208   -0.009997405   -0.010350558    0.00083427049 -0.0055806504  -0.0010582311   0.0010582311  -30           
         0  -2.9796002     -2.9796002      0.014126719   -2.9754007     -2.9704371     -2.960765      -0.0091631345  -0.014635632   -0.0099294015  -0.0095084396   0.00076626699 -0.0051271926  -0.00097204686  0.00097204686 -30           
         0  -2.9784128     -2.9784128      0.013022707   -2.9731092     -2.9692496     -2.9596175     -0.0091631345  -0.013491751   -0.0098693836  -0.008764978    0.00070624912 -0.0047267729  -0.00089597219  0.00089597219 -30           
         0  -2.9773594     -2.9773594      0.012043114   -2.9710763     -2.9681963     -2.9585995     -0.0091631345  -0.012476796   -0.0098161486  -0.0081053555   0.00065301414 -0.0043714405  -0.0008284864   0.0008284864  -30           
         0  -2.9764208     -2.9764208      0.01116994    -2.9692644     -2.9672576     -2.9576923     -0.0091631345  -0.011572112   -0.0097687119  -0.0075174331   0.00060557743 -0.0040546789  -0.0007683442   0.0007683442  -30           
         0  -2.9755807     -2.9755807      0.010388323   -2.9676427     -2.9664176     -2.9568804     -0.0091631345  -0.010762297   -0.0097262612  -0.0069911906   0.00056312673 -0.0037711067  -0.00071451797  0.00071451797 -30           
         0  -2.9748259     -2.9748259      0.0096859041  -2.9661855     -2.9656627     -2.956151      -0.0091631345  -0.010034546   -0.0096881216  -0.0065182978   0.00052498714 -0.0035162481  -0.00066615369  0.00066615369 -30           
         0  -2.9741452     -2.9741452      0.0090523427  -2.9648712     -2.964982      -2.9554931     -0.0091631345  -0.0093781407  -0.0096537286  -0.0060917838   0.00049059419 -0.0032863569  -0.00062253689  0.00062253689 -30           
         0  -2.9735292     -2.9735292      0.0084789298  -2.9636819     -2.9643661     -2.9548978     -0.0091631344  -0.0087840574  -0.0096226073  -0.0057057797   0.00045947284 -0.0030782777  -0.00058306617  0.00058306617 -30           
         0  -2.97297       -2.97297        0.0079582904  -2.962602      -2.9638068     -2.9543573     -0.0091631344  -0.0082446539  -0.0095943554  -0.0053553158   0.000431221   -0.0028893381  -0.0005472324   0.0005472324  -30           
         0  -2.9724608     -2.9724608      0.0074841455  -2.9616186     -2.9632976     -2.9538652     -0.0091631344  -0.0077534238  -0.0095686309  -0.0050361615   0.00040549651 -0.0027172623  -0.00051460225  0.00051460225 -30           
         0  -2.9719958     -2.9719958      0.0070511225  -2.9607206     -2.9628326     -2.9534158     -0.0091631344  -0.0073048     -0.0095451411  -0.0047446971   0.00038200672 -0.0025601029  -0.00048480502  0.00048480502 -30           
         0  -2.97157       -2.97157        0.0066546023  -2.9598983     -2.9624069     -2.9530044     -0.0091631344  -0.0068939964  -0.0095236345  -0.004477811    0.00036050011 -0.0024161855  -0.00045752211  0.00045752211 -30           
         0  -2.9711792     -2.9711792      0.0062905967  -2.9591435     -2.9620161     -2.9526267     -0.0091631344  -0.0065168805  -0.009503894   -0.0042328165   0.00034075961 -0.002284064   -0.00043247849  0.00043247849 -30           
         0  -2.9708196     -2.9708196      0.0059556471  -2.958449      -2.9616565     -2.9522791     -0.0091631344  -0.0061698687  -0.0094857314  -0.0040073843   0.00032259702 -0.0021624843  -0.00040943568  0.00040943568 -30           
         0  -2.970488      -2.970488       0.0056467427  -2.9578085     -2.9613249     -2.9519587     -0.0091631344  -0.0058498413  -0.009468983   -0.0037994866   0.00030584858 -0.0020503548  -0.00038818615  0.00038818615 -30           
         0  -2.9701816     -2.9701816      0.0053612527  -2.9572166     -2.9610185     -2.9516625     -0.0091631344  -0.0055540727  -0.0094535056  -0.0036073514   0.00029037121 -0.0019467212  -0.00036854858  0.00036854858 -30           
         0  -2.9698979     -2.9698979      0.0050968702  -2.9566685     -2.9607347     -2.9513883     -0.0091631344  -0.0052801724  -0.0094391739  -0.0034294254   0.0002760395  -0.001850747   -0.00035036399  0.00035036399 -30           
         0  -2.9696346     -2.9696346      0.0048515652  -2.9561599     -2.9604715     -2.9511339     -0.0091631344  -0.0050260373  -0.0094258775  -0.0032643415   0.0002627431  -0.0017616958  -0.00033349252  0.00033349252 -30           
         0  -2.9693899     -2.9693899      0.0046235462  -2.9556872     -2.9602268     -2.9508974     -0.0091631344  -0.0047898111  -0.0094135191  -0.0031108934   0.00025038467 -0.0016789177  -0.00031781075  0.00031781075 -30           
         0  -2.9691621     -2.9691621      0.0044112269  -2.955247      -2.9599989     -2.9506772     -0.0091631344  -0.0045698504  -0.0094020124  -0.002968013    0.00023887801 -0.0016018373  -0.00030320942  0.00030320942 -30           
         0  -2.9689496     -2.9689496      0.0042131989  -2.9548365     -2.9597864     -2.9504718     -0.0091631344  -0.0043646959  -0.009391281   -0.0028347521   0.00022814663 -0.0015299438  -0.00028959152  0.00028959152 -30           
         0  -2.9687511     -2.9687511      0.0040282082  -2.954453      -2.9595879     -2.95028       -0.0091631344  -0.0041730483  -0.0093812568  -0.0027102663   0.0002181224  -0.001462782   -0.0002768707   0.0002768707  -30           
         0  -2.9685654     -2.9685654      0.0038551354  -2.9540943     -2.9594023     -2.9501005     -0.0091631344  -0.0039937479  -0.0093718789  -0.002593802    0.00020874456 -0.0013999459  -0.00026496987  0.00026496987 -30           
         0  -2.9683914     -2.9683914      0.0036929786  -2.9537581     -2.9592283     -2.9499324     -0.0091631344  -0.0038257566  -0.0093630931  -0.0024846847   0.00019995869 -0.0013410719  -0.00025382006  0.00025382006 -30           
         0  -2.9682282     -2.9682282      0.0035408389  -2.9534428     -2.9590651     -2.9497746     -0.0091631344  -0.0036681432  -0.0093548504  -0.0023823092   0.00019171601 -0.001285834   -0.00024335938  0.00024335938 -30           
         0  -2.9680749     -2.9680749      0.0033979082  -2.9531465     -2.9589117     -2.9496264     -0.0091631344  -0.0035200704  -0.009347107   -0.0022861317   0.00018397264 -0.0012339388  -0.0002335322   0.0002335322  -30           
         0  -2.9679306     -2.9679306      0.0032634582  -2.9528678     -2.9587675     -2.949487      -0.0091631344  -0.0033807837  -0.0093398234  -0.0021956617   0.00017668907 -0.001185122   -0.00022428839  0.00022428839 -30           
