0	473.9324518763068
1000	472.24604930365376
2000	480.7032173365748
3000	473.36998228316173
4000	489.322384661984
5000	488.04752066463533
6000	472.4664085896964
7000	482.01933581213393
8000	475.1781358768746
9000	477.4501507987497
10000	475.5695503164702
11000	476.1491254249739
12000	484.4825300232745
13000	484.45234381970414
14000	475.35824689149985
15000	482.5707371306425
16000	495.3163584837755
17000	473.4313608970846
18000	477.6272431930139
19000	468.7283503812109
20000	480.702211129789
21000	481.13991108152777
22000	471.54170455373657
23000	476.04951095320166
24000	471.54271076052237
25000	480.4758146030316
26000	486.7384456365768
27000	481.3471896793587
28000	468.0089125295103
29000	483.32438601305296
30000	475.2445455247264
31000	476.7407750149071
32000	481.9579571982148
33000	486.9105069969156
34000	482.71160608062524
35000	484.7340817196695
36000	481.444791737563
37000	477.24991564841577
38000	480.6649814787217
39000	471.72483418871553
40000	479.85096018917795
41000	496.60933420326126
42000	487.6470503639675
43000	475.5594882486159
44000	478.4362334486323
45000	484.88400653072443
46000	488.04953307820693
47000	474.4959276762413
48000	486.2786091355577
49000	477.3565735676886
50000	470.1772881524663
51000	479.52595539743044
52000	477.2177170312775
53000	493.53839109362565
54000	466.9856002285604
55000	468.77061106620715
56000	480.2916787612668
57000	458.8886542248789
58000	461.8479083813126
59000	477.2881515062652
60000	473.93547049666785
61000	478.4452893097009
62000	470.01830748034286
63000	471.9904727801082
64000	485.9827843405947
65000	470.60391982955764
66000	476.07869094998256
67000	477.6745349119392
68000	481.2586434822229
69000	466.6998375014518
70000	485.7584002274053
71000	480.172946360568
72000	494.4399523735194
73000	495.0688316145163
74000	463.5816026728946
75000	478.02368866653853
76000	473.5289629552852
77000	475.1066951950974
78000	474.636796626224
79000	476.820265350967
80000	465.60508451872465
81000	479.17478922925943
82000	484.5801320814751
83000	471.5598162758773
84000	484.46844312827324
85000	466.42111822184376
86000	476.5717322749257
87000	476.9188736159535
88000	476.5687136545683
89000	485.01581961963495
90000	480.6911428551489
91000	451.95689567891213
92000	471.49340662802916
93000	478.02469487332434
94000	490.5398948725531
95000	470.35840537387736
96000	477.56284595873734
97000	483.0406356995159
98000	485.1949244274744
99000	468.8007972697775
100000	474.596548354803
101000	482.2175585488963
102000	465.63828934264876
103000	479.5591602213545
104000	480.057232580223
105000	481.04331523010933
106000	477.0667860134368
107000	475.1499620868795
108000	461.4826553181404
109000	469.2545965300781
110000	484.5791258746893
111000	482.8293322745382
112000	473.81774430275124
113000	471.8485976233433
114000	477.66145422372375
115000	481.8009889396593
116000	469.55142753182685
117000	477.527628721238
118000	482.2568006135352
119000	474.38122010268205
120000	496.4734962872075
121000	482.0132985714228
122000	470.827297735965
123000	482.0615964971302
124000	488.10386824462546
125000	469.87140128964904
126000	476.02234336999237
127000	467.91332288487763
128000	469.41458340898737
129000	475.4498117089857
130000	486.50299324874715
131000	482.83335710168143
132000	462.60155726372307
133000	472.78436993394695
134000	471.7530079787106
135000	476.64015433634177
136000	492.34201122555476
137000	489.851649431205
138000	494.9511054206033
139000	480.3309208259057
140000	474.3158166616234
141000	473.39614365958886
142000	463.1237785854471
143000	463.1720765111545
144000	465.14524801770926
145000	465.49440177230866
146000	480.1296794687896
147000	465.8214189776241
148000	464.99632941344015
149000	465.7046989904969
150000	473.03089059641303
151000	467.62252912384366
152000	464.8453983956031
153000	485.6265871384911
154000	468.3550476637523
155000	472.08405001116927
156000	485.61954369099413
157000	462.84304689226747
158000	482.1119068364092
159000	473.41727400208333
160000	473.0188161149871
161000	470.415759160657
162000	478.7763313421632
163000	451.2988364411344
164000	486.7917745962095
165000	484.87696308322387
166000	470.47512536100453
167000	470.60995707027246
168000	479.74027744276555
169000	485.38610371673616
170000	483.5749315026659
171000	479.9556056948792
172000	468.855132436196
173000	464.89570873488213
174000	473.3347650456661
175000	479.5782781502847
176000	471.7862128026347
177000	479.95158086773597
178000	473.22408229925003
179000	486.16893259593115
180000	480.8360366322748
181000	469.06341724081636
182000	476.04951095319797
183000	475.5655254893307
184000	483.25898257198696
185000	475.58665583182886
186000	480.7364221605025
187000	480.7404469876421
188000	492.2554774419906
189000	478.0488438361799
190000	467.3810394953029
191000	475.2787565554363
192000	488.8887095373957
193000	493.2103676815244
194000	471.823442453702
195000	474.1618670234216
196000	491.7201754320585
197000	474.7826966101357
198000	481.7164675696704
199000	499.78794143895914
200000	461.3317243003034
201000	482.0364413274925
202000	469.8854881846466
203000	481.5051641446963
204000	474.74747937264004
205000	461.91129940880336
206000	463.9076136714242
207000	471.1100418427162
208000	483.22376533449125
209000	474.468760093032
210000	474.5935297344456
211000	462.1658697255595
212000	463.1660392704397
213000	473.64367052884444
214000	484.2400341879406
215000	476.1581812860424
216000	483.3062742909122
217000	470.73875153882926
218000	463.0744744529539
219000	469.8553019810799
220000	468.80079726977385
221000	468.2212221612702
222000	473.41626779529753
223000	454.21985473971506
224000	475.4256627461338
225000	469.79694198751446
226000	479.9576181084508
227000	476.1611999063998
228000	486.63380013087556
229000	463.42865924148225
230000	463.3099268407835
231000	470.77698739668233
232000	466.47344097469437
233000	452.3664218406522
234000	481.16909107830867
235000	486.48588773339225
236000	467.22105261639
237000	494.2115434331904
238000	483.86371285013195
239000	482.93900881416846
240000	481.70137446788704
241000	481.2304696922278
242000	471.1643770091348
243000	463.1740889247261
244000	472.9262450907118
245000	473.50078916528645
246000	485.2784395906775
247000	478.50968654397747
248000	470.4177715742286
249000	486.54022289981447
250000	482.32321026138334
251000	492.19007400093193
252000	482.07668959891356
253000	492.9386918494133
254000	473.3005540149525
255000	487.22142489366195
256000	473.34382090673824
257000	478.7501699657397
258000	500.2266475974764
259000	481.24153796686795
260000	491.3066244431752
261000	477.41694597482194
262000	484.66062862432443
263000	468.54823936658926
264000	467.99080080736957
265000	493.21942354259295
266000	488.19643926890444
267000	477.51555423981205
268000	476.6441791634886
269000	486.0924608802213
270000	474.3943007908975
271000	469.50614822647685
272000	462.4687379680231
273000	471.81036176549026
274000	479.96466155595135
275000	469.6751909664583
276000	478.11122865688486
277000	467.9233849527356
278000	463.29684615257173
279000	478.39296655685024
280000	485.909331245246
281000	478.4040348314904
282000	472.5549547868285
283000	486.4728070451768
284000	478.4140968993484
285000	483.6997011440795
286000	472.852791995363
287000	473.71913603776113
288000	480.4174546094698
289000	474.57239939194744
290000	478.3275631157879
291000	476.21855369317944
292000	484.7783548182374
293000	484.79847895394977
294000	474.92457176690425
295000	476.2940192020998
296000	470.3755108892287
297000	476.6733591602695
298000	467.2572760606715
299000	474.707231101219
300000	460.43921888147815
301000	462.6377807080045
302000	467.66378360205044
303000	469.3934530664892
304000	472.24403689008216
305000	469.6238744203898
306000	463.34514407827913
307000	461.93343595808733
308000	458.08469500318574
309000	471.06778115771993
310000	467.71610635490475
311000	482.7548729724073
312000	460.5649947296812
313000	485.8399029770404
314000	473.32772159816545
315000	481.92777099464814
316000	466.7491416339486
317000	474.6146600769437
318000	474.8531310851271
319000	487.2033131715212
320000	503.28752863925763
321000	479.8831588063162
322000	481.5222696600513
323000	481.9951868492784
324000	467.67183325633687
325000	483.8858493994122
326000	475.70639443930975
327000	481.8150758346605
328000	493.46795661863433
329000	490.67271416825304
330000	484.74716240788496
331000	472.6253892618235
332000	471.1663894227064
333000	472.49357617290565
334000	496.4976452500594
335000	494.64622476456447
336000	475.4638986039832
337000	482.7307240095481
338000	494.1139413749861
339000	483.83252043977944
340000	481.73659170538275
341000	472.0095907090347
342000	472.12932931652296
343000	485.1486389153349
344000	480.9930048908266
345000	468.2966876701905
346000	480.68108078729455
347000	477.47027493446205
348000	480.4456283994649
349000	478.5086803371953
350000	478.3185072547157
351000	487.4005297014977
352000	485.53200370064786
353000	469.994158517491
354000	465.5809355558728
355000	485.5551464567176
356000	475.9176978642875
357000	477.59001354194663
358000	471.7198031547866
359000	477.42600183589417
360000	456.6025524080062
361000	484.28028245936525
362000	481.0302345418976
363000	470.5898329345638
364000	475.48402273969555
365000	478.62540032432247
366000	483.63530390980293
367000	485.3941533710225
368000	479.58330918421007
369000	468.3459918026874
370000	476.78605432025347
371000	486.2816277559151
372000	475.9680082035665
373000	483.8093776837097
374000	480.47078356910623
375000	477.0134570538004
376000	473.10333748497965
377000	474.03508496844006
378000	472.44829686755565
379000	477.7027087019306
380000	491.77451059847704
381000	470.1833253931811
382000	478.67369825003357
383000	475.95593372214057
384000	484.9282796292887
385000	487.437759352565
386000	500.0686731321387
387000	478.53584792040823
388000	488.6260895663495
389000	482.2799433696049
390000	483.6282604623023
391000	473.9877932495148
392000	500.15420070891344
393000	471.07683701878847
394000	483.6353039097993
395000	494.91186335596444
396000	491.70306991669986
397000	478.54188516111935
398000	473.0671140406982
399000	490.28331214222897
400000	480.39632426696807
401000	481.2827924450821
402000	477.8536397197713
403000	470.26382193603047
404000	482.5073461031481
405000	478.86286512572366
406000	475.4488055021999
407000	479.78958157525875
408000	477.4843618294596
409000	499.91069866680107
410000	489.2187453630649
411000	465.7197920922839
412000	467.820751860606
413000	467.44845534993317
414000	481.0080979926136
415000	479.2874843892471
416000	494.2095310196188
417000	476.8212715577528
418000	477.6856031865793
419000	477.9894776358287
420000	483.32237359948135
421000	473.74328500061665
422000	480.9306200701217
423000	473.6738567324111
424000	480.3862621991137
425000	498.4446553801907
426000	477.02754394880156
427000	478.7380954843101
428000	476.44595642672266
429000	484.73911275359853
430000	486.1598767348589
431000	484.79344792002075
432000	461.25223396423985
433000	479.25327335853353
434000	483.49644737338815
435000	487.03125181118236
436000	483.1100639677215
437000	473.91232774059813
438000	471.6926355715736
439000	485.44245129673
440000	470.8162294613212
441000	478.2581348475787
442000	502.36584322365155
443000	480.817924910134
444000	477.79326731263797
445000	482.5596688559987
446000	469.35421100185397
447000	476.90881154809915
448000	474.73641109799627
449000	473.35891400851796
450000	477.32336874376455
451000	481.00004833832725
452000	475.276744141861
453000	464.4700832645729
454000	462.60860071122
455000	475.20832208044493
456000	456.23629313804827
457000	473.94050153059317
458000	464.924888731663
459000	453.30621897839904
460000	458.03237225033513
461000	472.53784927147353
462000	474.9004228040487
463000	484.33461762579117
464000	476.9893080909448
465000	463.16302065008597
466000	468.5442145394461
467000	466.1625230779444
468000	458.9751880084394
469000	470.8876701430984
470000	467.1133884903314
471000	477.95727901868673
472000	463.47896958076126
473000	465.6231962408618
474000	470.40066605887
475000	472.68878028931425
476000	479.1244788899804
477000	467.0660967714097
478000	473.1214492071204
479000	469.11573999366334
480000	481.0885945354593
481000	462.70821518299954
482000	472.0629196686748
483000	472.96347474177907
484000	477.8133914483503
485000	483.31734256555234
486000	488.4962888910106
487000	493.2153987154498
488000	480.9074773140556
489000	490.37588316650425
490000	475.0272048590339
491000	471.6473562662236
492000	482.3020799188888
493000	490.7864155350228
494000	482.38961990923144
495000	473.8388746452457
496000	468.6569096994337
497000	475.3330917218548
498000	469.2515779097207
499000	475.30592413864554
500000	468.0702911434331
501000	466.10516929116477
502000	477.01848808772934
503000	469.52929098254293
504000	479.2361678431786
505000	483.3113053248376
506000	481.93481444214507
507000	459.1100197177073
508000	480.2584739373427
509000	485.96970365237934
510000	482.53551989314684
511000	476.14711301140227
512000	476.71863846561956
513000	480.47279598267784
514000	481.83117514322964
515000	476.88265017167197
516000	499.94994073143994
517000	485.7372698849071
518000	492.7414753194368
519000	473.6235463931321
520000	474.6810697247919
521000	484.3024190086492
522000	477.27808943841086
523000	492.313837435556
524000	489.10303158272353
525000	498.31787332520184
526000	496.7421534989612
527000	483.20162878520733
528000	472.85983544286364
529000	468.23631526305354
530000	461.68691529561755
531000	478.4855375811256
532000	476.993332918088
533000	477.98042177475645
534000	465.26800524555125
535000	484.86287618822996
536000	471.62723213051123
537000	478.3879355229213
538000	468.4677428237436
539000	491.28247548032334
540000	465.78318311977466
541000	482.76191641990425
542000	472.58916581754204
543000	473.1254740342599
544000	485.2321540785417
545000	469.334086866138
546000	486.66096771408485
547000	488.29907236103406
548000	462.5663400262274
549000	483.5276397837443
550000	469.0815289629571
551000	459.622178971577
552000	468.32989249411463
553000	465.01947216950623
554000	457.02817787831174
555000	487.5172496886249
556000	491.18889824926225
557000	491.92745402988936
558000	470.182319186399
559000	482.1541675214055
560000	467.3548781188721
561000	482.0112861578512
562000	486.8149173522829
563000	491.5360395902937
564000	491.28851272103816
565000	478.32253208186256
566000	470.23967297317495
567000	486.4456394619676
568000	473.8026512009679
569000	487.8482917210872
570000	491.35894719602953
571000	493.3210504279368
572000	477.4360639037485
573000	491.3629720231727
574000	490.08810802582406
575000	474.20815253556106
576000	467.2321208910338
577000	467.8791118541677
578000	467.42531259386715
579000	475.5011282550505
580000	470.70353430133355
581000	468.7343876219257
582000	466.3969692589882
583000	465.4712590162389
584000	466.3808699504191
585000	471.56685972337425
586000	478.71294031467244
587000	488.4801895824415
588000	483.4883977191054
589000	485.74833815954725
590000	491.38410236566716
591000	468.81488416477134
592000	469.84523991322186
593000	485.7604126409769
594000	485.33780579102876
595000	482.9953563941623
596000	488.4801895824415
597000	487.209350412236
598000	472.8507795817951
599000	510.0482320316676
600000	484.82665274394486
601000	488.39667441923837
602000	480.28262290019825
603000	488.95914401238343
604000	478.55194722897375
605000	481.7245172239568
606000	476.5677074477825
607000	462.1155593862805
608000	476.75788053025843
609000	481.46491587327165
610000	466.51268303932954
611000	470.9591108248755
612000	481.38643174399755
613000	470.79509911882303
614000	479.2935216299582
615000	486.90446975620085
616000	474.89841039047707
617000	480.0340898241569
618000	483.46626116982145
619000	477.9029438522645
620000	478.00859556475154
621000	463.584621293252
622000	468.1226138962801
623000	461.83684010667247
624000	473.92037739488086
625000	480.8028318083507
626000	468.94367863332815
627000	479.123472683191
628000	475.89958614214675
629000	473.24823126210555
630000	470.4046908860132
631000	483.5799625365949
632000	465.83349345905737
633000	470.78101222382185
634000	479.5088498820755
635000	479.67286158812794
636000	478.0900983143867
637000	490.13137491760244
638000	481.8442558314414
639000	478.15348934188114
640000	477.26098392305954
641000	479.9646615559477
642000	480.7957883608501
643000	475.3029055182881
644000	477.4088963205392
645000	491.8529947277548
646000	491.97072092166775
647000	476.6210364074189
648000	486.72938977550456
649000	487.12885386938666
650000	470.3734984756607
651000	485.7121147152695
652000	489.42099292697407
653000	488.10889927855817
654000	490.91420379679744
655000	476.48620469815097
656000	489.6775756573018
657000	487.5011503800594
658000	481.70640550181605
659000	477.8687328215583
660000	484.05589834617945
661000	498.24542643664256
662000	485.7855678106182
663000	493.2314980240226
664000	496.9594941646501
665000	485.95058572345647
666000	479.11743544247616
667000	499.8281897103801
668000	493.93785518750775
669000	480.2484118694884
670000	496.8588734860884
671000	505.4327615061439
672000	491.74935542883935
673000	492.76059324835967
674000	492.0431678102307
675000	492.619724298377
676000	484.09212179046096
677000	494.3031082506799
678000	477.4431073512491
679000	489.9311397672685
680000	483.0446605266555
681000	487.88451516536867
682000	477.46826252089045
683000	485.2110237360399
684000	497.62761547028583
685000	475.5906806589684
686000	472.9715243960655
687000	484.99167065678307
688000	483.4290315187542
689000	476.2869757545992
690000	479.3257202470965
691000	479.0148023503502
692000	490.5398948725531
693000	483.2368460227067
694000	481.8583427264426
695000	475.09965174759685
696000	498.2504574705679
697000	488.1692716856915
698000	484.4000210668535
699000	491.3488851281715
700000	476.2517585171035
701000	478.8769520207212
702000	488.62005232563837
703000	478.16958865045024
704000	485.0077699653522
705000	481.6983558475296
706000	476.73373156740655
707000	468.0038814955813
708000	471.6483624730057
709000	489.9552887301204
710000	487.8523165482267
711000	473.0238471489161
712000	479.2985526638872
713000	464.7347156491834
714000	461.9666407820151
715000	458.0243225960524
716000	466.4794782154055
717000	483.9703707694048
718000	471.1422404598545
719000	468.79274761549107
720000	458.0031922535543
721000	464.83734874131306
722000	478.5821334325404
723000	464.9631245895124
724000	478.3275631157879
725000	469.94887921213734
726000	486.0129705441614
727000	473.4836836499315
728000	466.46840994076535
729000	467.70000704633196
730000	459.5426886355134
731000	477.34751770661643
732000	484.69785827538806
733000	476.33627988709605
734000	473.931445669521
735000	477.25092185520157
736000	483.3817397998326
737000	491.8640630023949
738000	491.4776795967283
739000	473.43538572422773
740000	491.5732692413573
741000	479.1496340596181
742000	478.89103891571875
743000	485.6386616199207
744000	499.5414207764857
745000	488.0354461832094
746000	482.9712074313067
747000	502.8941017860867
748000	480.89137800548644
749000	479.3699933456644
750000	498.7092877647975
751000	479.13051613069155
752000	477.0245253284405
753000	491.60546785849925
754000	478.4986182693373
755000	490.04987216797093
756000	490.41009419721047
757000	478.8819830546502
758000	473.4373981377957
759000	480.1789836012828
760000	475.6963323714554
761000	478.8497844375119
762000	463.65103094110015
763000	471.8767714133384
764000	473.0228409421303
765000	467.5299580995684
766000	475.6923075443159
767000	493.21841733580715
768000	474.4093938926808
769000	472.9775616367766
770000	484.56805760004914
771000	476.3865902263751
772000	469.8150537096515
773000	477.8918755776244
774000	486.80485528442495
775000	482.551619201716
776000	493.6752352164688
777000	476.1330261164047
778000	479.22711198211005
779000	454.73201399358476
780000	479.59135883849643
781000	463.91063229178525
782000	470.9560922045181
783000	461.22406017424476
784000	466.109194118308
785000	468.45566834231397
786000	485.94052365560214
787000	474.55328146302094
788000	485.081223060701
789000	481.52528828040863
790000	480.63882010229827
791000	483.27005084663074
792000	476.3574102295906
793000	472.13033552330876
794000	488.46811510101185
795000	494.46711995673235
796000	483.7530301037159
797000	477.3897783916127
798000	469.72449509895154
799000	479.89221466738843
800000	473.1616974785414
801000	470.75585705418416
802000	482.702550219553
803000	466.27421203114255
804000	472.13234793688036
805000	478.8709147800101
806000	470.67737292491006
807000	471.6252197169396
808000	469.9911398971336
809000	469.2002613636522
810000	467.34380984423194
811000	480.8632042154877
812000	482.7478295249067
813000	485.9294553809583
814000	474.1809849523518
815000	458.13601154925055
816000	469.7466316482318
817000	459.9914568618887
818000	479.2683664603205
819000	473.4353857242241
820000	490.41009419721047
821000	468.89135588047753
822000	471.6232073033681
823000	463.33105718328164
824000	496.7381286718217
825000	468.68910831657564
826000	489.9301335604827
827000	475.5584820418301
828000	485.4474823306553
829000	482.5546378220734
830000	475.43069378005913
831000	481.07148902010806
832000	470.02333851427187
833000	471.5930210998014
834000	481.53736276183827
835000	470.7236584370459
836000	467.6356098120554
837000	461.6577352988367
838000	477.86571420119725
839000	470.30407020745514
840000	491.24122100211656
841000	481.01614764689634
842000	461.6587415056225
843000	480.1015056787909
844000	459.09392040913815
845000	475.16706760223445
846000	476.165224733543
847000	485.490749222441
848000	462.7031841490669
849000	471.63628799157976
850000	473.7744774109728
851000	482.2125275149673
852000	485.4887368088658
853000	462.56734623301315
854000	485.11543409141086
855000	481.89959720464935
856000	482.2497571660382
857000	493.4256959336417
858000	478.05689349046264
859000	471.79426245691747
860000	492.0129816066677
861000	477.1694191055664
862000	486.24137948449044
863000	493.03126287368497
864000	482.17429165711786
865000	499.38948355186284
866000	483.35557842340546
867000	493.11980907082074
868000	483.25998877877277
869000	479.6084643538477
870000	480.9849552365439
871000	485.8328595295398
872000	487.16910214081133
873000	496.469471460068
874000	481.34215864542966
875000	473.25225608924876
876000	487.40958556256993
877000	469.23145377400834
878000	467.49775948242643
879000	467.9203663323782
880000	479.8821525995341
881000	472.00455967510936
882000	479.4112478238749
883000	474.2031215016321
884000	473.4907270974321
885000	472.357738256852
886000	479.1546650935471
887000	476.49123573207635
888000	475.36227171863936
889000	473.4806650295741
890000	493.2375352647337
891000	479.71914710026374
892000	479.18585750390326
893000	489.18151571200127
894000	463.8039743725124
895000	482.54155713385796
896000	471.1824887312755
897000	477.7540252479954
898000	481.84828065858454
899000	476.1430881842591
900000	486.26049741342064
901000	475.85833166393627
902000	460.39092095577075
903000	476.31112471745473
904000	480.50096977267293
905000	469.49206133147567
906000	479.3176705928138
907000	491.8097278359727
908000	482.3050985392462
909000	478.13537761973674
910000	479.1264913035484
911000	478.54792240183417
912000	493.57260212433556
913000	480.26652359162915
914000	491.74935542883935
915000	473.75535948204623
916000	477.238847373772
917000	469.9357985239256
918000	477.6222121590849
919000	481.0262097147544
920000	469.50312960611944
921000	472.0156279497495
922000	471.90595141011926
923000	480.64485734301303
924000	477.32336874376455
925000	487.6299448486125
926000	480.0522015462977
927000	483.6624714930122
928000	485.1295209864084
929000	483.7600735512165
930000	486.4476518755392
931000	466.8910167907135
932000	478.6274127378941
933000	467.1345188328295
934000	491.36297202316905
935000	487.19727593080637
936000	478.0196638393953
937000	470.67938533848167
938000	468.7333814151362
939000	483.54776391945296
940000	467.9586021902313
941000	477.16841289878425
942000	480.49996356588713
943000	486.8169297658545
944000	471.61817626943906
945000	473.92943325595303
946000	472.5962092650353
947000	467.3860705292282
948000	473.05000852534323
949000	466.73505473894744
950000	465.29316041518894
951000	468.272538707335
952000	475.0020496893962
953000	487.36933729114526
954000	482.235670271037
955000	482.7548729724073
956000	486.21119328092374
957000	473.24923746889135
958000	491.0963272249906
959000	499.4116201011468
960000	480.7112669908612
961000	484.72100103145783
962000	475.9176978642875
963000	480.3268959987625
964000	479.8449229484668
965000	483.3153301519844
966000	479.9918291391643
967000	479.03593269284835
968000	478.01664521903797
969000	495.3867929587669
970000	471.3998293969644
971000	482.39364473637835
972000	482.31012957317523
973000	493.25665319366027
974000	496.8789976218044
975000	494.69251027670396
976000	492.2071795162868
977000	481.1228055661729
978000	486.7495139112169
979000	488.75589024169574
980000	479.84693536203474
981000	482.75688538597524
982000	492.85819530656397
983000	484.0176624883264
984000	476.90881154809546
985000	471.2348114841298
986000	485.41125888637384
987000	498.22328988735495
988000	470.6723418909811
989000	482.44294886887155
990000	480.3118028969828
991000	494.04853793392374
992000	482.6995315991993
993000	500.03244968785725
994000	489.67053220980125
995000	490.4724790179191
996000	483.557825987311
997000	489.2157267427112
998000	489.48237154089327
999000	473.9545884255907
1000000	476.52544676278984
1001000	479.7593953716884
1002000	480.990992477255
1003000	463.3391068375644
1004000	477.1090466984331
1005000	467.43134983457827
1006000	472.2631548190087
1007000	469.1539758515164
1008000	470.039437822841
1009000	474.6327717990808
1010000	480.38424978554576
1011000	487.3109772975798
1012000	478.0428065954614
1013000	481.21537659044816
1014000	478.65458032110337
1015000	489.10303158272717
1016000	490.08106457832343
1017000	487.9287882639329
1018000	488.3131592560316
1019000	480.95778765333097
1020000	491.6759023334906
1021000	486.39029808875955
1022000	483.1523246527141
1023000	468.1236201030695
1024000	482.9229095055993
1025000	474.5120269848141
1026000	484.0810535158208
1027000	481.8150758346605
1028000	478.3567431125688
1029000	476.62204261420106
1030000	485.57627679921205
1031000	481.783883424308
1032000	470.076667473912
1033000	464.43486602707725
1034000	466.1796285932993
1035000	472.4563465218384
1036000	468.34901042304483
1037000	479.08221820498414
1038000	485.1164402982003
1039000	474.45165457767706
1040000	485.26535890246214
1041000	486.2303112098503
1042000	470.5344915613521
1043000	485.2462409735392
1044000	485.588351280638
1045000	485.57728300599786
1046000	475.86939993858005
1047000	480.7183104383618
1048000	475.3673027525684
1049000	472.3808810129217
1050000	481.2998979604334
1051000	470.98024116737366
1052000	467.25526364709987
1053000	479.0701437235582
1054000	473.15867885818403
1055000	472.9514002603531
1056000	475.85229442322145
1057000	451.3149357497035
1058000	484.39499003292815
1059000	462.8229227565551
1060000	482.8494564102505
1061000	477.5004611380287
1062000	490.5600190082654
1063000	484.8196092964479
1064000	485.5953947281386
1065000	477.56988940623427
1066000	482.9842881195221
1067000	463.87642126107175
1068000	482.6582771209888
1069000	476.8162405238238
1070000	473.8539677470327
1071000	472.0850562179587
1072000	479.20497543282613
1073000	485.5189230124361
1074000	455.2129808370983
1075000	472.39194928756547
1076000	476.5807881359942
1077000	478.6284189446799
1078000	472.39899273506245
1079000	471.65943074764954
1080000	477.13420186807076
1081000	487.8482917210872
1082000	476.18736128282694
1083000	485.92543055381515
1084000	482.3222040546012
1085000	491.36095960959744
1086000	469.4155896157732
1087000	482.19642820639814
1088000	483.6564342522974
1089000	479.30157128424463
1090000	476.1994357642529
1091000	480.8581731815587
1092000	481.8553241060815
1093000	475.70941305966716
1094000	481.65911378289445
1095000	481.2153765904445
1096000	481.9086530657216
1097000	478.14946451473793
1098000	493.7537193457429
1099000	473.0369278371315
1100000	476.6482039906282
1101000	475.5433889400468
1102000	467.4102194920838
1103000	475.1489558800937
1104000	477.05068670486764
1105000	470.2587909021015
1106000	484.91318652750897
1107000	494.05759379499597
1108000	475.8794620064344
1109000	465.72884795335244
1110000	487.35323798257247
1111000	476.87661293096085
1112000	483.3555784234091
1113000	491.04802929927956
1114000	482.95208950238384
1115000	498.58451812338393
1116000	502.3799301186491
1117000	482.9702012245209
1118000	482.41477507887646
1119000	483.3767087659036
1120000	488.1239923803378
1121000	477.71578939014597
1122000	476.8474329341763
1123000	482.49627782850797
1124000	496.95043830358156
1125000	481.11978694581546
1126000	480.3933056466143
1127000	477.6413300880151
1128000	474.8098641933487
1129000	481.8875227232198
1130000	491.74834922205355
1131000	462.9969965304619
1132000	483.1845232698561
1133000	475.53433307897456
1134000	473.1405671360433
1135000	485.7191581627664
1136000	473.49777054493273
1137000	482.8393943423962
1138000	480.6126587258748
1139000	477.83552799763055
1140000	482.8826612341783
1141000	486.95176147512245
1142000	484.96148445321273
1143000	486.4999746283898
1144000	473.13251748176054
1145000	485.3488740656689
1146000	486.0592560562972
1147000	479.595383665636
1148000	478.29737691222124
1149000	500.74886891920045
1150000	486.0079395102361
1151000	489.7781963358599
1152000	480.68711802800567
1153000	497.74332925063084
1154000	488.41579234816123
1155000	497.3458775703204
1156000	500.2427469060455
1157000	476.90679913452755
1158000	486.14981466700095
1159000	470.6220315517021
1160000	475.3914517154239
1161000	486.8340352812095
1162000	474.6689952433623
1163000	472.7078982182408
1164000	468.81589037155715
1165000	469.88750059821814
1166000	480.7283725062198
1167000	471.58899627265816
1168000	462.37918556410517
1169000	473.21301402460625
1170000	479.1546650935471
1171000	476.9349729245263
1172000	465.7519907094222
1173000	471.8194176265588
1174000	479.62959469634586
1175000	482.0092737442796
1176000	483.67454597443816
1177000	481.5957227554
1178000	462.8319786176237
1179000	475.4759730854091
1180000	481.58264206718826
1181000	472.7541837303766
1182000	471.7308714294267
1183000	468.8249462326294
1184000	486.8642214847761
1185000	474.42851182160734
1186000	474.01093600558454
1187000	486.22125534878177
1188000	493.741644864317
1189000	473.27238022495743
1190000	485.65677334206146
1191000	484.9785899685677
1192000	497.83086924097717
1193000	485.3166754485306
1194000	494.732758548125
1195000	480.53216218302543
1196000	477.98645901547127
1197000	491.734262327056
1198000	488.3936557988773
1199000	484.28430728650847
1200000	471.25292320626687
1201000	499.51525940006223
1202000	487.07351249617864
1203000	486.3762111937583
1204000	487.52429313612913
1205000	485.6457050674213
1206000	477.4280142494658
1207000	486.48689394017805
1208000	475.9307785524992
1209000	479.3931361017341
1210000	483.56285702123995
1211000	481.63999585396425
1212000	469.35421100185397
1213000	476.0374364717757
1214000	508.2591963668813
1215000	493.5665648836244
1216000	483.39683290161594
1217000	494.20248757212187
1218000	475.1278255375956
1219000	485.0389623757047
1220000	482.4771598995814
1221000	483.08692121165177
1222000	495.05977575344775
1223000	498.39233262733643
1224000	493.3391621500775
1225000	493.66819176896826
1226000	480.6840994076519
1227000	502.1303908358219
1228000	487.80401862252296
1229000	486.1548457009336
1230000	477.0315687759411
1231000	479.0741685506978
1232000	472.17561482866245
1233000	472.86285406322105
1234000	472.852791995363
1235000	473.5259443349278
1236000	482.46911024529504
1237000	480.26048635091433
1238000	488.8524860931106
1239000	464.036408139981
1240000	479.25830439246255
1241000	473.1616974785414
1242000	465.9632941343963
1243000	478.1846817522336
1244000	487.32003315865205
1245000	486.2906836169873
1246000	475.6923075443122
1247000	476.99937015880283
1248000	470.3785295095861
1249000	472.57105409539764
1250000	470.0253509278435
1251000	471.5739031708712
1252000	479.67185538134214
1253000	469.56752684039964
1254000	467.1848291721085
1255000	481.3250531300747
1256000	478.9262561532144
1257000	470.37249226887127
1258000	456.3550255387507
1259000	487.60982071290385
1260000	485.3438430317399
1261000	474.8561497054845
1262000	473.6336084609864
1263000	465.3243528255451
1264000	460.3245113079226
1265000	490.2692252472314
1266000	476.1954109371097
1267000	468.8752565719084
1268000	479.5611726349261
1269000	464.1843205374643
1270000	484.32354935114734
1271000	475.20832208044493
1272000	477.4239894223262
1273000	464.17828329675314
1274000	472.1353665572341
1275000	464.48517636635626
1276000	470.3483433060194
1277000	486.17094500949906
1278000	493.3099821532967
1279000	477.4461259716065
1280000	484.25512728972757
1281000	484.69282724146274
1282000	489.8808294279895
1283000	483.0577412148709
1284000	472.9524064671389
1285000	478.66766100931875
1286000	486.0240388188052
1287000	477.3867597712553
1288000	476.33527368031025
1289000	475.55244480111895
1290000	484.4161203754226
1291000	480.0210091359452
1292000	483.2438894702036
1293000	501.8003550101491
1294000	490.3215480000784
1295000	489.49947705624817
1296000	478.2460603661564
1297000	478.76928789466257
1298000	486.41344084482927
1299000	470.36544882137434
1300000	474.2242518441302
1301000	484.39499003292815
1302000	476.3070998903115
1303000	477.49140527696017
1304000	486.16188914843053
1305000	485.32874992995653
1306000	475.2727193147215
1307000	474.33392838376045
1308000	485.84795263132315
1309000	476.13705094354793
1310000	474.7303738572851
1311000	471.3555562984002
1312000	468.9285855315448
1313000	468.1105394148578
1314000	481.0020607519025
1315000	487.07351249617864
1316000	485.9344864148837
1317000	475.0765089915271
1318000	486.3973415362601
1319000	485.2774333838917
1320000	489.262012254847
1321000	460.9443346878509
1322000	486.371180159833
1323000	474.69918144693264
1324000	494.27392825389535
1325000	460.98458295927196
1326000	468.03608011271956
1327000	479.4655829902971
1328000	473.3850753849451
1329000	482.4047130110185
1330000	474.0763394466469
1331000	470.0384316160552
1332000	471.6252197169396
1333000	481.20933934973334
1334000	468.62471108229545
1335000	475.9690144103523
1336000	469.03423724403183
1337000	460.5740505907497
1338000	478.3416500107891
1339000	481.9992116764216
1340000	480.40739254161184
1341000	489.18654674592665
1342000	482.06863994463083
1343000	471.0939425341434
1344000	475.0855648525993
1345000	480.72636009264454
1346000	468.74545589656583
1347000	486.3228822341256
1348000	480.6227207937291
1349000	487.2677104058014
1350000	480.6639752719396
1351000	484.6656596582498
1352000	471.5497542080193
1353000	487.6490627775391
1354000	489.49444602232285
1355000	472.22592516794145
1356000	482.235670271037
1357000	476.12195784176095
1358000	492.5533146505288
1359000	484.7179824111004
1360000	489.1704474373575
1361000	478.6062823953959
1362000	463.8573033321452
1363000	481.3693262286426
1364000	473.8278063706056
1365000	476.8504515545337
1366000	478.54590998826257
1367000	488.10386824462915
1368000	487.71446621860144
1369000	487.09564904546255
1370000	499.8593821207326
1371000	483.3062742909122
1372000	486.4738132519663
1373000	478.9755602857077
1374000	482.5999171274234
1375000	472.6153271939655
1376000	470.6361184466996
1377000	488.18033996033165
1378000	468.8581510565534
1379000	475.0855648525993
1380000	484.45133761291834
1381000	474.89941659726657
1382000	470.0736488535509
1383000	464.4700832645729
1384000	467.58831809313375
1385000	476.9953453316596
1386000	467.7040318734751
1387000	483.86069422977454
1388000	486.1538394941478
1389000	471.1120542562878
1390000	474.8058393662055
1391000	489.9794376929796
1392000	479.04196993355947
1393000	484.7521934418139
1394000	487.21740006651874
1395000	462.8329848244095
1396000	456.84202962297906
1397000	477.2177170312775
1398000	473.3589140085216
1399000	479.2492485313903
1400000	477.01043843344297
1401000	470.2306171121064
1402000	476.2960316156714
1403000	479.1466154392644
1404000	468.3359297348294
1405000	480.2926849680526
1406000	469.5765827014682
1407000	474.97790072654067
1408000	486.44362704839597
1409000	466.4090437404141
1410000	478.14946451473793
1411000	482.3594337056648
1412000	460.3738154404158
1413000	475.3310793082869
1414000	458.89267905202206
1415000	468.05519804164976
1416000	484.73911275359853
1417000	483.5538011601678
1418000	459.7399051654936
1419000	483.4370811730369
1420000	484.0609293801048
1421000	495.7550646422928
1422000	486.68411047015456
1423000	497.36298308567166
1424000	493.796986237525
1425000	488.71664817705323
1426000	477.6644728440775
1427000	482.0163171917765
1428000	491.7413057745566
1429000	473.4585284802938
1430000	462.4355331441027
1431000	477.3032446080522
1432000	472.8970650939309
1433000	461.7342070145392
1434000	461.5239097963509
1435000	470.22256745782
1436000	458.8846293977357
1437000	483.6252418419449
1438000	476.8574950020343
1439000	478.52276723219285
1440000	473.36897607637593
1441000	482.2839681967444
1442000	483.91603560298256
1443000	479.2935216299582
1444000	483.6956763169363
1445000	484.3678224497152
1446000	488.2829730524613
1447000	500.3222372421091
1448000	490.928290691795
1449000	480.68108078729085
1450000	476.14711301140227
1451000	485.2170609767584
1452000	483.1221384491474
1453000	472.7099106318124
1454000	475.291837243648
1455000	477.40084666625285
1456000	488.83940540489886
1457000	478.39397276363604
1458000	497.9033161295401
1459000	481.43070484256543
1460000	483.292187395911
1461000	476.0635978481992
1462000	474.53114491373697
1463000	476.95308464666334
1464000	479.2160437074699
1465000	489.20365226128524
1466000	467.47361051957455
1467000	477.7982983465633
1468000	471.4481273226755
1469000	482.3805640481666
1470000	479.37200575923595
1471000	468.55125798694667
1472000	480.73541595371677
1473000	493.34419318400654
1474000	494.05055034749535
1475000	491.3438540942425
1476000	493.8633958853768
1477000	487.64302553682427
1478000	498.815945684074
1479000	491.53201476315047
1480000	488.0797192817736
1481000	499.90969246001526
1482000	505.91070972930373
1483000	476.6733591602695
1484000	487.03225801796816
1485000	492.0602733255857
1486000	489.96736321155
1487000	482.97925708559313
1488000	485.548103009217
1489000	485.6839409252707
1490000	494.1642517142688
1491000	488.4359164838736
1492000	472.1786334490198
1493000	483.83855768049057
1494000	477.65944181015215
1495000	474.97488210618326
1496000	474.6347842126561
1497000	470.0786798874799
1498000	482.0102799510654
1499000	497.75741614562475
1500000	479.5692222892125
1501000	473.8418932656031
1502000	487.61283933325757
1503000	475.24655793829436
1504000	482.1420930399759
1505000	482.5979047138518
1506000	488.01129722035387
1507000	496.4010493986446
1508000	489.10806261665255
1509000	466.56198717182644
1510000	479.4665891970792
1511000	479.60242711313657
1512000	477.1724377259238
1513000	468.42749455231893
1514000	478.3205196682873
1515000	485.2251106310411
1516000	464.75886461203896
1517000	472.5207437561186
1518000	468.1397194116387
1519000	465.40786798874814
1520000	473.27338643174323
1521000	482.0072613307117
1522000	480.5341745966007
1523000	476.9722025755899
1524000	470.14307712175645
1525000	469.41156478862996
1526000	493.7295703828874
1527000	482.7810343488308
1528000	473.1174243799772
1529000	485.9898277880917
1530000	467.1616864160424
1531000	470.2104929763904
1532000	486.25848499984534
1533000	480.77365181156983
1534000	483.96232111512205
1535000	476.46909918279607
1536000	475.3351041354301
1537000	472.8739223378612
1538000	470.1823191863953
1539000	481.2505938279438
1540000	497.86809889204443
1541000	480.25042428306
1542000	492.3681726019819
1543000	483.51757771588626
1544000	486.04617536808917
1545000	483.7771790665714
1546000	470.01730127356075
1547000	482.601929540995
1548000	488.41981717530444
1549000	482.88668606131785
1550000	474.90847245833874
1551000	489.0708329655852
1552000	488.6975302481303
1553000	477.15231359021516
1554000	487.1016862861737
1555000	503.8741471952582
1556000	483.8999362944134
1557000	480.6237270005149
1558000	490.4885783264919
1559000	472.7914133814439
1560000	482.7417922841919
1561000	473.97068773415987
1562000	482.71864952812217
1563000	478.52276723219285
1564000	497.2029962067661
1565000	487.2324931683057
1566000	489.149317094863
1567000	473.8127132688222
1568000	479.63865055741803
1569000	466.49457131718884
1570000	472.76827062537416
1571000	484.614343112185
1572000	474.33594079733206
1573000	480.79377594728214
1574000	471.4833445601675
1575000	464.38656810136985
1576000	473.5209133009988
1577000	473.81875050953704
1578000	479.1023423406928
1579000	477.9663348797589
1580000	476.3342674735245
1581000	478.1816631318762
1582000	474.8833172886938
1583000	486.2735781016324
1584000	481.5232758668371
1585000	471.6745238494329
1586000	484.18167419437884
1587000	485.054055477488
1588000	469.7617247500188
1589000	477.0748356677195
1590000	472.4090548029168
1591000	479.487719539581
1592000	480.40437392125807
1593000	487.721509666102
1594000	471.34046319661684
1595000	460.02063685867324
1596000	481.0322469554692
1597000	487.7677951782415
1598000	474.8068455729876
1599000	479.84089812132356
1600000	477.2559528891306
1601000	480.8632042154877
1602000	462.1960559291262
1603000	485.1395830542664
1604000	478.2148679558003
1605000	493.8010110646682
1606000	493.39249110971764
1607000	493.32507525508
1608000	490.7119562328919
1609000	489.49243360875124
1610000	480.36110702947235
1611000	475.8392137350097
1612000	473.6094594981345
1613000	480.4768208098174
1614000	481.04432143689513
1615000	477.34751770661643
1616000	478.4382458622039
1617000	467.36091535959054
1618000	477.1653942784232
1619000	479.1435968189033
1620000	492.80184772657384
1621000	483.3414915284079
1622000	490.9816196514314
1623000	485.23919752603865
1624000	488.494276477439
1625000	492.3591167409097
1626000	480.1196174009316
1627000	486.8521470033502
1628000	494.3856172070972
1629000	488.32925856460076
1630000	486.1296905312922
1631000	488.6784123192038
1632000	483.1050329337925
1633000	486.1870443180682
1634000	483.3102991180554
1635000	484.42517623649115
1636000	484.93632928357505
1637000	466.8276257632227
1638000	469.7647433703725
1639000	471.8485976233397
1640000	465.36359489018025
1641000	478.0156390122558
1642000	474.3842387230431
1643000	470.827297735965
1644000	477.4612190733898
1645000	472.10316794009583
1646000	469.1740999872324
1647000	470.78906187810827
1648000	476.69750812312503
1649000	471.3525376780428
1650000	471.7670948737082
1651000	476.3242054056665
1652000	484.3386424529307
1653000	483.00441225523446
1654000	491.1758175610505
1655000	481.80702618037776
1656000	480.6881242347951
1657000	477.5547963044509
1658000	487.3492131554329
1659000	489.56890532445374
1660000	476.80919707632324
1661000	477.49543010409974
1662000	505.0866263719019
1663000	474.64887110764994
1664000	464.81521219203273
1665000	475.2304586297252
1666000	477.36764184232874
1667000	462.9768723947496
1668000	475.01311796403996
1669000	482.0153109849944
1670000	467.61850429670045
1671000	477.60812526408733
1672000	475.28479379615106
1673000	493.975084838575
1674000	473.62656501348584
1675000	486.80787390478235
1676000	477.6020880233762
1677000	479.7040539984841
1678000	502.346725294725
1679000	477.0215067080831
1680000	491.58433751600114
1681000	484.263176944014
1682000	495.82449291049835
1683000	485.65073610134664
1684000	497.41530583852597
1685000	485.3649733742417
1686000	496.04887702368416
1687000	490.4674479839901
1688000	494.0264013846398
1689000	490.72403071431785
1690000	492.75858083479176
1691000	481.93380823535927
1692000	486.6579490937311
1693000	492.050211257735
1694000	486.90446975620085
1695000	475.7013634053844
1696000	494.13205309712686
1697000	489.7580722001439
1698000	479.4414340274415
1699000	478.20078106080274
1700000	495.6775867198008
1701000	480.47279598267784
1702000	487.70641656431866
1703000	491.2754320328228
1704000	468.6981641776442
1705000	478.20581209473175
1706000	472.7099106318087
1707000	487.9650117082144
1708000	465.8445617336975
1709000	485.79965470561575
1710000	492.2846574387751
1711000	474.56032491051786
1712000	472.0890810450983
1713000	480.4979511523155
1714000	480.5643608001673
1715000	474.6448462805104
1716000	483.03157983844375
1717000	478.7290396232379
1718000	484.6566037971813
1719000	472.2933410225754
1720000	479.2200685346131
1721000	487.0091152619021
1722000	468.3127869787633
1723000	475.08355243903134
1724000	469.3924468597034
1725000	470.34029365173666
1726000	462.8772579229737
1727000	464.4680708510013
1728000	465.747965882279
1729000	474.01697324629566
1730000	458.54755012456224
1731000	486.5633656558842
1732000	503.32475829032126
1733000	487.95897446750325
1734000	480.87527869691365
1735000	486.13270915164964
1736000	479.3337699013829
1737000	485.08424168105836
1738000	481.3250531300747
1739000	476.04548612605845
1740000	474.9748821061869
1741000	479.98881051880693
1742000	461.8539456220274
1743000	466.8256133496511
1744000	472.3134651582841
1745000	470.7870494645403
1746000	451.5715184800313
1747000	461.02583743748244
1748000	462.30573246875645
1749000	475.09059588652826
1750000	471.09293632736126
1751000	461.5339718642053
1752000	456.88328410118584
1753000	468.3349235280436
1754000	469.65104200360275
1755000	476.1561688724745
1756000	479.62858848956006
1757000	481.2827924450821
1758000	475.0121117572505
1759000	477.7942735194201
1760000	513.4482047601939
1761000	486.73140218907616
1762000	488.5073571656507
1763000	484.7189886178862
1764000	489.1895653662877
1765000	493.1610635490276
1766000	478.40101621113666
1767000	463.7888812707254
1768000	470.8947135905953
1769000	456.0823434998538
1770000	473.9113215338123
1771000	464.106842614976
1772000	480.5915283833766
1773000	477.3797163237583
1774000	473.6104657049167
1775000	484.3607790022146
1776000	469.9398233510688
1777000	499.5263276747024
1778000	474.5492566358777
1779000	468.9849331115386
1780000	487.18017041545147
1781000	480.9869676501155
1782000	477.77213697013616
1783000	489.3666577605519
1784000	487.55749796004955
1785000	486.0502001952287
1786000	486.4687822180373
1787000	492.6006063694504
1788000	489.3787322419778
1789000	480.64485734301303
1790000	495.18857022200086
1791000	487.5836593364767
1792000	492.9960456361893
1793000	494.2839903217534
1794000	488.6431950817081
1795000	486.77165046050084
1796000	492.5442587894603
1797000	483.0205115638036
1798000	476.037436471772
1799000	480.28564152055566
1800000	480.1015056787945
1801000	477.22677289234605
1802000	478.1806569250904
1803000	478.30140173936076
1804000	474.6378028330098
1805000	471.83350452156
1806000	483.6997011440795
1807000	478.99367200785207
1808000	475.9861199257072
1809000	482.6814198770549
1810000	470.11590953854716
1811000	482.0515344292759
1812000	476.72769432669173
1813000	483.27709429412766
1814000	471.00439013022554
1815000	484.97355893464237
1816000	476.8393832798936
1817000	473.96163187309133
1818000	488.95511918524386
1819000	486.55632220838356
1820000	489.2267950173513
1821000	477.42499562910837
1822000	486.8652276915619
1823000	476.3845778128035
1824000	489.25798742770746
1825000	497.6266092634964
1826000	486.6992035719379
1827000	483.9542714608356
1828000	479.8610222570359
1829000	466.1212685997339
1830000	491.37605271138443
1831000	481.073501433676
1832000	492.09448435629923
1833000	484.61836793932815
1834000	477.8194286890614
1835000	486.3279132680546
1836000	471.2177059687712
1837000	468.754511757638
1838000	478.58716446647304
1839000	484.1695997129492
1840000	486.1759760434281
1841000	469.8643578421484
1842000	478.2722217425799
1843000	485.6396678267065
1844000	462.91146895368723
1845000	483.7600735512165
1846000	489.4592287848235
1847000	482.49426541493636
1848000	483.81843354477826
1849000	498.70828155801536
1850000	485.0983285760559
1851000	474.7816904033499
1852000	483.96030870155045
1853000	475.13185036473874
1854000	482.58985505956906
1855000	473.2623181571031
1856000	471.6433314390804
1857000	471.67955488336185
1858000	476.95912188737816
1859000	488.80519437418894
1860000	472.4804954846976
1861000	469.05939241367315
1862000	479.35892507102056
1863000	479.121460269623
1864000	490.5308390114845
1865000	477.9381610897602
1866000	466.66260785038446
1867000	469.4910551246935
1868000	477.91401212690465
1869000	492.135738834506
1870000	469.00606345403673
1871000	473.0439712846284
1872000	480.6186959665859
1873000	476.39564608744365
1874000	462.7253206983545
1875000	475.59269307254
1876000	484.9021182528652
1877000	481.50818276505373
1878000	482.90982881738756
1879000	478.83972236965394
1880000	484.30443142222447
1881000	497.45756652352225
1882000	482.58281161206844
1883000	480.5281373558822
1884000	480.11760498736004
1885000	486.80586149121075
1886000	491.5913809635017
1887000	503.0621383192823
1888000	493.0594366636837
1889000	492.908505645843
1890000	494.61100752707245
1891000	491.7231940524122
1892000	494.1551958531966
1893000	485.9676912388114
1894000	493.0040952904757
1895000	480.2775918662693
1896000	494.63012545599537
1897000	465.96832516832524
1898000	470.2980329667367
1899000	476.4016833281584
1900000	484.84073963894605
1901000	482.8917170952468
1902000	484.893062391793
1903000	478.87997064108225
1904000	485.0228630671356
1905000	475.46188619041527
1906000	462.08436697592805
1907000	485.35591751316946
1908000	464.59485290599014
1909000	493.9459048417941
1910000	465.84959276762646
1911000	469.01713172868057
1912000	469.11573999366334
1913000	482.9188846784561
1914000	472.995673358921
1915000	473.3679698695901
1916000	479.62255124884894
1917000	488.188389614618
1918000	476.80517224918367
1919000	487.92677585036495
1920000	460.37280923363
1921000	472.31950239899885
1922000	479.9817670713063
1923000	478.68174790431993
1924000	477.46625010731884
1925000	469.17913102115773
1926000	481.70238067467284
1927000	477.01043843344297
1928000	477.51957906695526
1929000	470.7226522302601
1930000	467.66277739526834
1931000	486.8923952747712
1932000	474.03508496844006
1933000	473.27238022495743
1934000	475.688282717169
1935000	471.5256052451638
1936000	485.99083399487745
1937000	480.08440016343593
1938000	474.42750561482154
1939000	470.29199572602556
1940000	481.16707866473706
1941000	475.18618553116096
1942000	475.108707608669
1943000	469.587650976112
1944000	485.18989339354545
1945000	467.7794973823955
1946000	482.7246867688406
1947000	487.12281662867184
1948000	475.9388282067856
1949000	485.4434575035158
1950000	486.6136759951632
1951000	494.20047515855026
1952000	481.95091375071786
1953000	483.18251085628077
1954000	475.66312754753136
1955000	495.3525819280533
1956000	475.2445455247264
1957000	489.5346942937439
1958000	488.10286203784335
1959000	485.84493401096574
1960000	481.31599726900254
1961000	483.93917835904864
1962000	487.44580900684775
1963000	482.9490708820228
1964000	477.7318886987151
1965000	478.75117617252187
1966000	479.26132301281996
1967000	489.71681772193705
1968000	476.2527647238893
1969000	479.5772719434989
1970000	472.2792541275779
1971000	484.91519894107694
1972000	482.71462470098265
1973000	478.4784941336286
1974000	472.066944495818
1975000	465.6181652069364
1976000	479.50180643457486
1977000	475.3351041354301
1978000	486.6992035719379
1979000	479.44847747493844
1980000	487.62994484861616
1981000	475.1449310529542
1982000	487.43775935256133
1983000	481.9599696117864
1984000	473.412242968158
1985000	490.383932820787
1986000	482.02537305284875
1987000	477.8516273061997
1988000	473.78957051275614
1989000	479.99082293237484
1990000	477.6463611219404
1991000	469.32905583221265
1992000	488.09581859034273
1993000	481.6309399928957
1994000	485.4233333678034
1995000	470.5767522463484
1996000	485.0027389314232
1997000	489.7429790983642
1998000	472.41307963006
1999000	488.7991571334742
2000000	472.03172725831865
