1000000.0	476.52544676278984	476.52544676278984
1001000.0	479.7593953716884	479.7593953716884
1002000.0	480.990992477255	480.990992477255
1003000.0	463.3391068375644	463.3391068375644
1004000.0	477.1090466984331	477.1090466984331
1005000.0	467.43134983457827	467.43134983457827
1006000.0	472.2631548190087	472.2631548190087
1007000.0	469.1539758515164	469.1539758515164
1008000.0	470.039437822841	470.039437822841
1009000.0	474.6327717990808	474.6327717990808
1010000.0	480.38424978554576	480.38424978554576
1011000.0	487.3109772975798	487.3109772975798
1012000.0	478.0428065954614	478.0428065954614
1013000.0	481.21537659044816	481.21537659044816
1014000.0	478.65458032110337	478.65458032110337
1015000.0	489.10303158272717	489.10303158272717
1016000.0	490.08106457832343	490.08106457832343
1017000.0	487.9287882639329	487.9287882639329
1018000.0	488.3131592560316	488.3131592560316
1019000.0	480.95778765333097	480.95778765333097
1020000.0	491.6759023334906	491.6759023334906
1021000.0	486.39029808875955	486.39029808875955
1022000.0	483.1523246527141	483.1523246527141
1023000.0	468.1236201030695	468.1236201030695
1024000.0	482.9229095055993	482.9229095055993
1025000.0	474.5120269848141	474.5120269848141
1026000.0	484.0810535158208	484.0810535158208
1027000.0	481.8150758346605	481.8150758346605
1028000.0	478.3567431125688	478.3567431125688
1029000.0	476.62204261420106	476.62204261420106
1030000.0	485.57627679921205	485.57627679921205
1031000.0	481.783883424308	481.783883424308
1032000.0	470.076667473912	470.076667473912
1033000.0	464.43486602707725	464.43486602707725
1034000.0	466.1796285932993	466.1796285932993
1035000.0	472.4563465218384	472.4563465218384
1036000.0	468.34901042304483	468.34901042304483
1037000.0	479.08221820498414	479.08221820498414
1038000.0	485.1164402982003	485.1164402982003
1039000.0	474.45165457767706	474.45165457767706
1040000.0	485.26535890246214	485.26535890246214
1041000.0	486.2303112098503	486.2303112098503
1042000.0	470.5344915613521	470.5344915613521
1043000.0	485.2462409735392	485.2462409735392
1044000.0	485.588351280638	485.588351280638
1045000.0	485.57728300599786	485.57728300599786
1046000.0	475.86939993858005	475.86939993858005
1047000.0	480.7183104383618	480.7183104383618
1048000.0	475.3673027525684	475.3673027525684
1049000.0	472.3808810129217	472.3808810129217
1050000.0	481.2998979604334	481.2998979604334
1051000.0	470.98024116737366	470.98024116737366
1052000.0	467.25526364709987	467.25526364709987
1053000.0	479.0701437235582	479.0701437235582
1054000.0	473.15867885818403	473.15867885818403
1055000.0	472.9514002603531	472.9514002603531
1056000.0	475.85229442322145	475.85229442322145
1057000.0	451.3149357497035	451.3149357497035
1058000.0	484.39499003292815	484.39499003292815
1059000.0	462.8229227565551	462.8229227565551
1060000.0	482.8494564102505	482.8494564102505
1061000.0	477.5004611380287	477.5004611380287
1062000.0	490.5600190082654	490.5600190082654
1063000.0	484.8196092964479	484.8196092964479
1064000.0	485.5953947281386	485.5953947281386
1065000.0	477.56988940623427	477.56988940623427
1066000.0	482.9842881195221	482.9842881195221
1067000.0	463.87642126107175	463.87642126107175
1068000.0	482.6582771209888	482.6582771209888
1069000.0	476.8162405238238	476.8162405238238
1070000.0	473.8539677470327	473.8539677470327
1071000.0	472.0850562179587	472.0850562179587
1072000.0	479.20497543282613	479.20497543282613
1073000.0	485.5189230124361	485.5189230124361
1074000.0	455.2129808370983	455.2129808370983
1075000.0	472.39194928756547	472.39194928756547
1076000.0	476.5807881359942	476.5807881359942
1077000.0	478.6284189446799	478.6284189446799
1078000.0	472.39899273506245	472.39899273506245
1079000.0	471.65943074764954	471.65943074764954
1080000.0	477.13420186807076	477.13420186807076
1081000.0	487.8482917210872	487.8482917210872
1082000.0	476.18736128282694	476.18736128282694
1083000.0	485.92543055381515	485.92543055381515
1084000.0	482.3222040546012	482.3222040546012
1085000.0	491.36095960959744	491.36095960959744
1086000.0	469.4155896157732	469.4155896157732
1087000.0	482.19642820639814	482.19642820639814
1088000.0	483.6564342522974	483.6564342522974
1089000.0	479.30157128424463	479.30157128424463
1090000.0	476.1994357642529	476.1994357642529
1091000.0	480.8581731815587	480.8581731815587
1092000.0	481.8553241060815	481.8553241060815
1093000.0	475.70941305966716	475.70941305966716
1094000.0	481.65911378289445	481.65911378289445
1095000.0	481.2153765904445	481.2153765904445
1096000.0	481.9086530657216	481.9086530657216
1097000.0	478.14946451473793	478.14946451473793
1098000.0	493.7537193457429	493.7537193457429
1099000.0	473.0369278371315	473.0369278371315
1100000.0	476.6482039906282	476.6482039906282
1101000.0	475.5433889400468	475.5433889400468
1102000.0	467.4102194920838	467.4102194920838
1103000.0	475.1489558800937	475.1489558800937
1104000.0	477.05068670486764	477.05068670486764
1105000.0	470.2587909021015	470.2587909021015
1106000.0	484.91318652750897	484.91318652750897
1107000.0	494.05759379499597	494.05759379499597
1108000.0	475.8794620064344	475.8794620064344
1109000.0	465.72884795335244	465.72884795335244
1110000.0	487.35323798257247	487.35323798257247
1111000.0	476.87661293096085	476.87661293096085
1112000.0	483.3555784234091	483.3555784234091
1113000.0	491.04802929927956	491.04802929927956
1114000.0	482.95208950238384	482.95208950238384
1115000.0	498.58451812338393	498.58451812338393
1116000.0	502.3799301186491	502.3799301186491
1117000.0	482.9702012245209	482.9702012245209
1118000.0	482.41477507887646	482.41477507887646
1119000.0	483.3767087659036	483.3767087659036
1120000.0	488.1239923803378	488.1239923803378
1121000.0	477.71578939014597	477.71578939014597
1122000.0	476.8474329341763	476.8474329341763
1123000.0	482.49627782850797	482.49627782850797
1124000.0	496.95043830358156	496.95043830358156
1125000.0	481.11978694581546	481.11978694581546
1126000.0	480.3933056466143	480.3933056466143
1127000.0	477.6413300880151	477.6413300880151
1128000.0	474.8098641933487	474.8098641933487
1129000.0	481.8875227232198	481.8875227232198
1130000.0	491.74834922205355	491.74834922205355
1131000.0	462.9969965304619	462.9969965304619
1132000.0	483.1845232698561	483.1845232698561
1133000.0	475.53433307897456	475.53433307897456
1134000.0	473.1405671360433	473.1405671360433
1135000.0	485.7191581627664	485.7191581627664
1136000.0	473.49777054493273	473.49777054493273
1137000.0	482.8393943423962	482.8393943423962
1138000.0	480.6126587258748	480.6126587258748
1139000.0	477.83552799763055	477.83552799763055
1140000.0	482.8826612341783	482.8826612341783
1141000.0	486.95176147512245	486.95176147512245
1142000.0	484.96148445321273	484.96148445321273
1143000.0	486.4999746283898	486.4999746283898
1144000.0	473.13251748176054	473.13251748176054
1145000.0	485.3488740656689	485.3488740656689
1146000.0	486.0592560562972	486.0592560562972
1147000.0	479.595383665636	479.595383665636
1148000.0	478.29737691222124	478.29737691222124
1149000.0	500.74886891920045	500.74886891920045
1150000.0	486.0079395102361	486.0079395102361
1151000.0	489.7781963358599	489.7781963358599
1152000.0	480.68711802800567	480.68711802800567
1153000.0	497.74332925063084	497.74332925063084
1154000.0	488.41579234816123	488.41579234816123
1155000.0	497.3458775703204	497.3458775703204
1156000.0	500.2427469060455	500.2427469060455
1157000.0	476.90679913452755	476.90679913452755
1158000.0	486.14981466700095	486.14981466700095
1159000.0	470.6220315517021	470.6220315517021
1160000.0	475.3914517154239	475.3914517154239
1161000.0	486.8340352812095	486.8340352812095
1162000.0	474.6689952433623	474.6689952433623
1163000.0	472.7078982182408	472.7078982182408
1164000.0	468.81589037155715	468.81589037155715
1165000.0	469.88750059821814	469.88750059821814
1166000.0	480.7283725062198	480.7283725062198
1167000.0	471.58899627265816	471.58899627265816
1168000.0	462.37918556410517	462.37918556410517
1169000.0	473.21301402460625	473.21301402460625
1170000.0	479.1546650935471	479.1546650935471
1171000.0	476.9349729245263	476.9349729245263
1172000.0	465.7519907094222	465.7519907094222
1173000.0	471.8194176265588	471.8194176265588
1174000.0	479.62959469634586	479.62959469634586
1175000.0	482.0092737442796	482.0092737442796
1176000.0	483.67454597443816	483.67454597443816
1177000.0	481.5957227554	481.5957227554
1178000.0	462.8319786176237	462.8319786176237
1179000.0	475.4759730854091	475.4759730854091
1180000.0	481.58264206718826	481.58264206718826
1181000.0	472.7541837303766	472.7541837303766
1182000.0	471.7308714294267	471.7308714294267
1183000.0	468.8249462326294	468.8249462326294
1184000.0	486.8642214847761	486.8642214847761
1185000.0	474.42851182160734	474.42851182160734
1186000.0	474.01093600558454	474.01093600558454
1187000.0	486.22125534878177	486.22125534878177
1188000.0	493.741644864317	493.741644864317
1189000.0	473.27238022495743	473.27238022495743
1190000.0	485.65677334206146	485.65677334206146
1191000.0	484.9785899685677	484.9785899685677
1192000.0	497.83086924097717	497.83086924097717
1193000.0	485.3166754485306	485.3166754485306
1194000.0	494.732758548125	494.732758548125
1195000.0	480.53216218302543	480.53216218302543
1196000.0	477.98645901547127	477.98645901547127
1197000.0	491.734262327056	491.734262327056
1198000.0	488.3936557988773	488.3936557988773
1199000.0	484.28430728650847	484.28430728650847
1200000.0	471.25292320626687	471.25292320626687
1201000.0	499.51525940006223	499.51525940006223
1202000.0	487.07351249617864	487.07351249617864
1203000.0	486.3762111937583	486.3762111937583
1204000.0	487.52429313612913	487.52429313612913
1205000.0	485.6457050674213	485.6457050674213
1206000.0	477.4280142494658	477.4280142494658
1207000.0	486.48689394017805	486.48689394017805
1208000.0	475.9307785524992	475.9307785524992
1209000.0	479.3931361017341	479.3931361017341
1210000.0	483.56285702123995	483.56285702123995
1211000.0	481.63999585396425	481.63999585396425
1212000.0	469.35421100185397	469.35421100185397
1213000.0	476.0374364717757	476.0374364717757
1214000.0	508.2591963668813	508.2591963668813
1215000.0	493.5665648836244	493.5665648836244
1216000.0	483.39683290161594	483.39683290161594
1217000.0	494.20248757212187	494.20248757212187
1218000.0	475.1278255375956	475.1278255375956
1219000.0	485.0389623757047	485.0389623757047
1220000.0	482.4771598995814	482.4771598995814
1221000.0	483.08692121165177	483.08692121165177
1222000.0	495.05977575344775	495.05977575344775
1223000.0	498.39233262733643	498.39233262733643
1224000.0	493.3391621500775	493.3391621500775
1225000.0	493.66819176896826	493.66819176896826
1226000.0	480.6840994076519	480.6840994076519
1227000.0	502.1303908358219	502.1303908358219
1228000.0	487.80401862252296	487.80401862252296
1229000.0	486.1548457009336	486.1548457009336
1230000.0	477.0315687759411	477.0315687759411
1231000.0	479.0741685506978	479.0741685506978
1232000.0	472.17561482866245	472.17561482866245
1233000.0	472.86285406322105	472.86285406322105
1234000.0	472.852791995363	472.852791995363
1235000.0	473.5259443349278	473.5259443349278
1236000.0	482.46911024529504	482.46911024529504
1237000.0	480.26048635091433	480.26048635091433
1238000.0	488.8524860931106	488.8524860931106
1239000.0	464.036408139981	464.036408139981
1240000.0	479.25830439246255	479.25830439246255
1241000.0	473.1616974785414	473.1616974785414
1242000.0	465.9632941343963	465.9632941343963
1243000.0	478.1846817522336	478.1846817522336
1244000.0	487.32003315865205	487.32003315865205
1245000.0	486.2906836169873	486.2906836169873
1246000.0	475.6923075443122	475.6923075443122
1247000.0	476.99937015880283	476.99937015880283
1248000.0	470.3785295095861	470.3785295095861
1249000.0	472.57105409539764	472.57105409539764
1250000.0	470.0253509278435	470.0253509278435
1251000.0	471.5739031708712	471.5739031708712
1252000.0	479.67185538134214	479.67185538134214
1253000.0	469.56752684039964	469.56752684039964
1254000.0	467.1848291721085	467.1848291721085
1255000.0	481.3250531300747	481.3250531300747
1256000.0	478.9262561532144	478.9262561532144
1257000.0	470.37249226887127	470.37249226887127
1258000.0	456.3550255387507	456.3550255387507
1259000.0	487.60982071290385	487.60982071290385
1260000.0	485.3438430317399	485.3438430317399
1261000.0	474.8561497054845	474.8561497054845
1262000.0	473.6336084609864	473.6336084609864
1263000.0	465.3243528255451	465.3243528255451
1264000.0	460.3245113079226	460.3245113079226
1265000.0	490.2692252472314	490.2692252472314
1266000.0	476.1954109371097	476.1954109371097
1267000.0	468.8752565719084	468.8752565719084
1268000.0	479.5611726349261	479.5611726349261
1269000.0	464.1843205374643	464.1843205374643
1270000.0	484.32354935114734	484.32354935114734
1271000.0	475.20832208044493	475.20832208044493
1272000.0	477.4239894223262	477.4239894223262
1273000.0	464.17828329675314	464.17828329675314
1274000.0	472.1353665572341	472.1353665572341
1275000.0	464.48517636635626	464.48517636635626
1276000.0	470.3483433060194	470.3483433060194
1277000.0	486.17094500949906	486.17094500949906
1278000.0	493.3099821532967	493.3099821532967
1279000.0	477.4461259716065	477.4461259716065
1280000.0	484.25512728972757	484.25512728972757
1281000.0	484.69282724146274	484.69282724146274
1282000.0	489.8808294279895	489.8808294279895
1283000.0	483.0577412148709	483.0577412148709
1284000.0	472.9524064671389	472.9524064671389
1285000.0	478.66766100931875	478.66766100931875
1286000.0	486.0240388188052	486.0240388188052
1287000.0	477.3867597712553	477.3867597712553
1288000.0	476.33527368031025	476.33527368031025
1289000.0	475.55244480111895	475.55244480111895
1290000.0	484.4161203754226	484.4161203754226
1291000.0	480.0210091359452	480.0210091359452
1292000.0	483.2438894702036	483.2438894702036
1293000.0	501.8003550101491	501.8003550101491
1294000.0	490.3215480000784	490.3215480000784
1295000.0	489.49947705624817	489.49947705624817
1296000.0	478.2460603661564	478.2460603661564
1297000.0	478.76928789466257	478.76928789466257
1298000.0	486.41344084482927	486.41344084482927
1299000.0	470.36544882137434	470.36544882137434
1300000.0	474.2242518441302	474.2242518441302
1301000.0	484.39499003292815	484.39499003292815
1302000.0	476.3070998903115	476.3070998903115
1303000.0	477.49140527696017	477.49140527696017
1304000.0	486.16188914843053	486.16188914843053
1305000.0	485.32874992995653	485.32874992995653
1306000.0	475.2727193147215	475.2727193147215
1307000.0	474.33392838376045	474.33392838376045
1308000.0	485.84795263132315	485.84795263132315
1309000.0	476.13705094354793	476.13705094354793
1310000.0	474.7303738572851	474.7303738572851
1311000.0	471.3555562984002	471.3555562984002
1312000.0	468.9285855315448	468.9285855315448
1313000.0	468.1105394148578	468.1105394148578
1314000.0	481.0020607519025	481.0020607519025
1315000.0	487.07351249617864	487.07351249617864
1316000.0	485.9344864148837	485.9344864148837
1317000.0	475.0765089915271	475.0765089915271
1318000.0	486.3973415362601	486.3973415362601
1319000.0	485.2774333838917	485.2774333838917
1320000.0	489.262012254847	489.262012254847
1321000.0	460.9443346878509	460.9443346878509
1322000.0	486.371180159833	486.371180159833
1323000.0	474.69918144693264	474.69918144693264
1324000.0	494.27392825389535	494.27392825389535
1325000.0	460.98458295927196	460.98458295927196
1326000.0	468.03608011271956	468.03608011271956
1327000.0	479.4655829902971	479.4655829902971
1328000.0	473.3850753849451	473.3850753849451
1329000.0	482.4047130110185	482.4047130110185
1330000.0	474.0763394466469	474.0763394466469
1331000.0	470.0384316160552	470.0384316160552
1332000.0	471.6252197169396	471.6252197169396
1333000.0	481.20933934973334	481.20933934973334
1334000.0	468.62471108229545	468.62471108229545
1335000.0	475.9690144103523	475.9690144103523
1336000.0	469.03423724403183	469.03423724403183
1337000.0	460.5740505907497	460.5740505907497
1338000.0	478.3416500107891	478.3416500107891
1339000.0	481.9992116764216	481.9992116764216
1340000.0	480.40739254161184	480.40739254161184
1341000.0	489.18654674592665	489.18654674592665
1342000.0	482.06863994463083	482.06863994463083
1343000.0	471.0939425341434	471.0939425341434
1344000.0	475.0855648525993	475.0855648525993
1345000.0	480.72636009264454	480.72636009264454
1346000.0	468.74545589656583	468.74545589656583
1347000.0	486.3228822341256	486.3228822341256
1348000.0	480.6227207937291	480.6227207937291
1349000.0	487.2677104058014	487.2677104058014
1350000.0	480.6639752719396	480.6639752719396
1351000.0	484.6656596582498	484.6656596582498
1352000.0	471.5497542080193	471.5497542080193
1353000.0	487.6490627775391	487.6490627775391
1354000.0	489.49444602232285	489.49444602232285
1355000.0	472.22592516794145	472.22592516794145
1356000.0	482.235670271037	482.235670271037
1357000.0	476.12195784176095	476.12195784176095
1358000.0	492.5533146505288	492.5533146505288
1359000.0	484.7179824111004	484.7179824111004
1360000.0	489.1704474373575	489.1704474373575
1361000.0	478.6062823953959	478.6062823953959
1362000.0	463.8573033321452	463.8573033321452
1363000.0	481.3693262286426	481.3693262286426
1364000.0	473.8278063706056	473.8278063706056
1365000.0	476.8504515545337	476.8504515545337
1366000.0	478.54590998826257	478.54590998826257
1367000.0	488.10386824462915	488.10386824462915
1368000.0	487.71446621860144	487.71446621860144
1369000.0	487.09564904546255	487.09564904546255
1370000.0	499.8593821207326	499.8593821207326
1371000.0	483.3062742909122	483.3062742909122
1372000.0	486.4738132519663	486.4738132519663
1373000.0	478.9755602857077	478.9755602857077
1374000.0	482.5999171274234	482.5999171274234
1375000.0	472.6153271939655	472.6153271939655
1376000.0	470.6361184466996	470.6361184466996
1377000.0	488.18033996033165	488.18033996033165
1378000.0	468.8581510565534	468.8581510565534
1379000.0	475.0855648525993	475.0855648525993
1380000.0	484.45133761291834	484.45133761291834
1381000.0	474.89941659726657	474.89941659726657
1382000.0	470.0736488535509	470.0736488535509
1383000.0	464.4700832645729	464.4700832645729
1384000.0	467.58831809313375	467.58831809313375
1385000.0	476.9953453316596	476.9953453316596
1386000.0	467.7040318734751	467.7040318734751
1387000.0	483.86069422977454	483.86069422977454
1388000.0	486.1538394941478	486.1538394941478
1389000.0	471.1120542562878	471.1120542562878
1390000.0	474.8058393662055	474.8058393662055
1391000.0	489.9794376929796	489.9794376929796
1392000.0	479.04196993355947	479.04196993355947
1393000.0	484.7521934418139	484.7521934418139
1394000.0	487.21740006651874	487.21740006651874
1395000.0	462.8329848244095	462.8329848244095
1396000.0	456.84202962297906	456.84202962297906
1397000.0	477.2177170312775	477.2177170312775
1398000.0	473.3589140085216	473.3589140085216
1399000.0	479.2492485313903	479.2492485313903
1400000.0	477.01043843344297	477.01043843344297
1401000.0	470.2306171121064	470.2306171121064
1402000.0	476.2960316156714	476.2960316156714
1403000.0	479.1466154392644	479.1466154392644
1404000.0	468.3359297348294	468.3359297348294
1405000.0	480.2926849680526	480.2926849680526
1406000.0	469.5765827014682	469.5765827014682
1407000.0	474.97790072654067	474.97790072654067
1408000.0	486.44362704839597	486.44362704839597
1409000.0	466.4090437404141	466.4090437404141
1410000.0	478.14946451473793	478.14946451473793
1411000.0	482.3594337056648	482.3594337056648
1412000.0	460.3738154404158	460.3738154404158
1413000.0	475.3310793082869	475.3310793082869
1414000.0	458.89267905202206	458.89267905202206
1415000.0	468.05519804164976	468.05519804164976
1416000.0	484.73911275359853	484.73911275359853
1417000.0	483.5538011601678	483.5538011601678
1418000.0	459.7399051654936	459.7399051654936
1419000.0	483.4370811730369	483.4370811730369
1420000.0	484.0609293801048	484.0609293801048
1421000.0	495.7550646422928	495.7550646422928
1422000.0	486.68411047015456	486.68411047015456
1423000.0	497.36298308567166	497.36298308567166
1424000.0	493.796986237525	493.796986237525
1425000.0	488.71664817705323	488.71664817705323
1426000.0	477.6644728440775	477.6644728440775
1427000.0	482.0163171917765	482.0163171917765
1428000.0	491.7413057745566	491.7413057745566
1429000.0	473.4585284802938	473.4585284802938
1430000.0	462.4355331441027	462.4355331441027
1431000.0	477.3032446080522	477.3032446080522
1432000.0	472.8970650939309	472.8970650939309
1433000.0	461.7342070145392	461.7342070145392
1434000.0	461.5239097963509	461.5239097963509
1435000.0	470.22256745782	470.22256745782
1436000.0	458.8846293977357	458.8846293977357
1437000.0	483.6252418419449	483.6252418419449
1438000.0	476.8574950020343	476.8574950020343
1439000.0	478.52276723219285	478.52276723219285
1440000.0	473.36897607637593	473.36897607637593
1441000.0	482.2839681967444	482.2839681967444
1442000.0	483.91603560298256	483.91603560298256
1443000.0	479.2935216299582	479.2935216299582
1444000.0	483.6956763169363	483.6956763169363
1445000.0	484.3678224497152	484.3678224497152
1446000.0	488.2829730524613	488.2829730524613
1447000.0	500.3222372421091	500.3222372421091
1448000.0	490.928290691795	490.928290691795
1449000.0	480.68108078729085	480.68108078729085
1450000.0	476.14711301140227	476.14711301140227
1451000.0	485.2170609767584	485.2170609767584
1452000.0	483.1221384491474	483.1221384491474
1453000.0	472.7099106318124	472.7099106318124
1454000.0	475.291837243648	475.291837243648
1455000.0	477.40084666625285	477.40084666625285
1456000.0	488.83940540489886	488.83940540489886
1457000.0	478.39397276363604	478.39397276363604
1458000.0	497.9033161295401	497.9033161295401
1459000.0	481.43070484256543	481.43070484256543
1460000.0	483.292187395911	483.292187395911
1461000.0	476.0635978481992	476.0635978481992
1462000.0	474.53114491373697	474.53114491373697
1463000.0	476.95308464666334	476.95308464666334
1464000.0	479.2160437074699	479.2160437074699
1465000.0	489.20365226128524	489.20365226128524
1466000.0	467.47361051957455	467.47361051957455
1467000.0	477.7982983465633	477.7982983465633
1468000.0	471.4481273226755	471.4481273226755
1469000.0	482.3805640481666	482.3805640481666
1470000.0	479.37200575923595	479.37200575923595
1471000.0	468.55125798694667	468.55125798694667
1472000.0	480.73541595371677	480.73541595371677
1473000.0	493.34419318400654	493.34419318400654
1474000.0	494.05055034749535	494.05055034749535
1475000.0	491.3438540942425	491.3438540942425
1476000.0	493.8633958853768	493.8633958853768
1477000.0	487.64302553682427	487.64302553682427
1478000.0	498.815945684074	498.815945684074
1479000.0	491.53201476315047	491.53201476315047
1480000.0	488.0797192817736	488.0797192817736
1481000.0	499.90969246001526	499.90969246001526
1482000.0	505.91070972930373	505.91070972930373
1483000.0	476.6733591602695	476.6733591602695
1484000.0	487.03225801796816	487.03225801796816
1485000.0	492.0602733255857	492.0602733255857
1486000.0	489.96736321155	489.96736321155
1487000.0	482.97925708559313	482.97925708559313
1488000.0	485.548103009217	485.548103009217
1489000.0	485.6839409252707	485.6839409252707
1490000.0	494.1642517142688	494.1642517142688
1491000.0	488.4359164838736	488.4359164838736
1492000.0	472.1786334490198	472.1786334490198
1493000.0	483.83855768049057	483.83855768049057
1494000.0	477.65944181015215	477.65944181015215
1495000.0	474.97488210618326	474.97488210618326
1496000.0	474.6347842126561	474.6347842126561
1497000.0	470.0786798874799	470.0786798874799
1498000.0	482.0102799510654	482.0102799510654
1499000.0	497.75741614562475	497.75741614562475
1500000.0	479.5692222892125	479.5692222892125
1501000.0	473.8418932656031	473.8418932656031
1502000.0	487.61283933325757	487.61283933325757
1503000.0	475.24655793829436	475.24655793829436
1504000.0	482.1420930399759	482.1420930399759
1505000.0	482.5979047138518	482.5979047138518
1506000.0	488.01129722035387	488.01129722035387
1507000.0	496.4010493986446	496.4010493986446
1508000.0	489.10806261665255	489.10806261665255
1509000.0	466.56198717182644	466.56198717182644
1510000.0	479.4665891970792	479.4665891970792
1511000.0	479.60242711313657	479.60242711313657
1512000.0	477.1724377259238	477.1724377259238
1513000.0	468.42749455231893	468.42749455231893
1514000.0	478.3205196682873	478.3205196682873
1515000.0	485.2251106310411	485.2251106310411
1516000.0	464.75886461203896	464.75886461203896
1517000.0	472.5207437561186	472.5207437561186
1518000.0	468.1397194116387	468.1397194116387
1519000.0	465.40786798874814	465.40786798874814
1520000.0	473.27338643174323	473.27338643174323
1521000.0	482.0072613307117	482.0072613307117
1522000.0	480.5341745966007	480.5341745966007
1523000.0	476.9722025755899	476.9722025755899
1524000.0	470.14307712175645	470.14307712175645
1525000.0	469.41156478862996	469.41156478862996
1526000.0	493.7295703828874	493.7295703828874
1527000.0	482.7810343488308	482.7810343488308
1528000.0	473.1174243799772	473.1174243799772
1529000.0	485.9898277880917	485.9898277880917
1530000.0	467.1616864160424	467.1616864160424
1531000.0	470.2104929763904	470.2104929763904
1532000.0	486.25848499984534	486.25848499984534
1533000.0	480.77365181156983	480.77365181156983
1534000.0	483.96232111512205	483.96232111512205
1535000.0	476.46909918279607	476.46909918279607
1536000.0	475.3351041354301	475.3351041354301
1537000.0	472.8739223378612	472.8739223378612
1538000.0	470.1823191863953	470.1823191863953
1539000.0	481.2505938279438	481.2505938279438
1540000.0	497.86809889204443	497.86809889204443
1541000.0	480.25042428306	480.25042428306
1542000.0	492.3681726019819	492.3681726019819
1543000.0	483.51757771588626	483.51757771588626
1544000.0	486.04617536808917	486.04617536808917
1545000.0	483.7771790665714	483.7771790665714
1546000.0	470.01730127356075	470.01730127356075
1547000.0	482.601929540995	482.601929540995
1548000.0	488.41981717530444	488.41981717530444
1549000.0	482.88668606131785	482.88668606131785
1550000.0	474.90847245833874	474.90847245833874
1551000.0	489.0708329655852	489.0708329655852
1552000.0	488.6975302481303	488.6975302481303
1553000.0	477.15231359021516	477.15231359021516
1554000.0	487.1016862861737	487.1016862861737
1555000.0	503.8741471952582	503.8741471952582
1556000.0	483.8999362944134	483.8999362944134
1557000.0	480.6237270005149	480.6237270005149
1558000.0	490.4885783264919	490.4885783264919
1559000.0	472.7914133814439	472.7914133814439
1560000.0	482.7417922841919	482.7417922841919
1561000.0	473.97068773415987	473.97068773415987
1562000.0	482.71864952812217	482.71864952812217
1563000.0	478.52276723219285	478.52276723219285
1564000.0	497.2029962067661	497.2029962067661
1565000.0	487.2324931683057	487.2324931683057
1566000.0	489.149317094863	489.149317094863
1567000.0	473.8127132688222	473.8127132688222
1568000.0	479.63865055741803	479.63865055741803
1569000.0	466.49457131718884	466.49457131718884
1570000.0	472.76827062537416	472.76827062537416
1571000.0	484.614343112185	484.614343112185
1572000.0	474.33594079733206	474.33594079733206
1573000.0	480.79377594728214	480.79377594728214
1574000.0	471.4833445601675	471.4833445601675
1575000.0	464.38656810136985	464.38656810136985
1576000.0	473.5209133009988	473.5209133009988
1577000.0	473.81875050953704	473.81875050953704
1578000.0	479.1023423406928	479.1023423406928
1579000.0	477.9663348797589	477.9663348797589
1580000.0	476.3342674735245	476.3342674735245
1581000.0	478.1816631318762	478.1816631318762
1582000.0	474.8833172886938	474.8833172886938
1583000.0	486.2735781016324	486.2735781016324
1584000.0	481.5232758668371	481.5232758668371
1585000.0	471.6745238494329	471.6745238494329
1586000.0	484.18167419437884	484.18167419437884
1587000.0	485.054055477488	485.054055477488
1588000.0	469.7617247500188	469.7617247500188
1589000.0	477.0748356677195	477.0748356677195
1590000.0	472.4090548029168	472.4090548029168
1591000.0	479.487719539581	479.487719539581
1592000.0	480.40437392125807	480.40437392125807
1593000.0	487.721509666102	487.721509666102
1594000.0	471.34046319661684	471.34046319661684
1595000.0	460.02063685867324	460.02063685867324
1596000.0	481.0322469554692	481.0322469554692
1597000.0	487.7677951782415	487.7677951782415
1598000.0	474.8068455729876	474.8068455729876
1599000.0	479.84089812132356	479.84089812132356
1600000.0	477.2559528891306	477.2559528891306
1601000.0	480.8632042154877	480.8632042154877
1602000.0	462.1960559291262	462.1960559291262
1603000.0	485.1395830542664	485.1395830542664
1604000.0	478.2148679558003	478.2148679558003
1605000.0	493.8010110646682	493.8010110646682
1606000.0	493.39249110971764	493.39249110971764
1607000.0	493.32507525508	493.32507525508
1608000.0	490.7119562328919	490.7119562328919
1609000.0	489.49243360875124	489.49243360875124
1610000.0	480.36110702947235	480.36110702947235
1611000.0	475.8392137350097	475.8392137350097
1612000.0	473.6094594981345	473.6094594981345
1613000.0	480.4768208098174	480.4768208098174
1614000.0	481.04432143689513	481.04432143689513
1615000.0	477.34751770661643	477.34751770661643
1616000.0	478.4382458622039	478.4382458622039
1617000.0	467.36091535959054	467.36091535959054
1618000.0	477.1653942784232	477.1653942784232
1619000.0	479.1435968189033	479.1435968189033
1620000.0	492.80184772657384	492.80184772657384
1621000.0	483.3414915284079	483.3414915284079
1622000.0	490.9816196514314	490.9816196514314
1623000.0	485.23919752603865	485.23919752603865
1624000.0	488.494276477439	488.494276477439
1625000.0	492.3591167409097	492.3591167409097
1626000.0	480.1196174009316	480.1196174009316
1627000.0	486.8521470033502	486.8521470033502
1628000.0	494.3856172070972	494.3856172070972
1629000.0	488.32925856460076	488.32925856460076
1630000.0	486.1296905312922	486.1296905312922
1631000.0	488.6784123192038	488.6784123192038
1632000.0	483.1050329337925	483.1050329337925
1633000.0	486.1870443180682	486.1870443180682
1634000.0	483.3102991180554	483.3102991180554
1635000.0	484.42517623649115	484.42517623649115
1636000.0	484.93632928357505	484.93632928357505
1637000.0	466.8276257632227	466.8276257632227
1638000.0	469.7647433703725	469.7647433703725
1639000.0	471.8485976233397	471.8485976233397
1640000.0	465.36359489018025	465.36359489018025
1641000.0	478.0156390122558	478.0156390122558
1642000.0	474.3842387230431	474.3842387230431
1643000.0	470.827297735965	470.827297735965
1644000.0	477.4612190733898	477.4612190733898
1645000.0	472.10316794009583	472.10316794009583
1646000.0	469.1740999872324	469.1740999872324
1647000.0	470.78906187810827	470.78906187810827
1648000.0	476.69750812312503	476.69750812312503
1649000.0	471.3525376780428	471.3525376780428
1650000.0	471.7670948737082	471.7670948737082
1651000.0	476.3242054056665	476.3242054056665
1652000.0	484.3386424529307	484.3386424529307
1653000.0	483.00441225523446	483.00441225523446
1654000.0	491.1758175610505	491.1758175610505
1655000.0	481.80702618037776	481.80702618037776
1656000.0	480.6881242347951	480.6881242347951
1657000.0	477.5547963044509	477.5547963044509
1658000.0	487.3492131554329	487.3492131554329
1659000.0	489.56890532445374	489.56890532445374
1660000.0	476.80919707632324	476.80919707632324
1661000.0	477.49543010409974	477.49543010409974
1662000.0	505.0866263719019	505.0866263719019
1663000.0	474.64887110764994	474.64887110764994
1664000.0	464.81521219203273	464.81521219203273
1665000.0	475.2304586297252	475.2304586297252
1666000.0	477.36764184232874	477.36764184232874
1667000.0	462.9768723947496	462.9768723947496
1668000.0	475.01311796403996	475.01311796403996
1669000.0	482.0153109849944	482.0153109849944
1670000.0	467.61850429670045	467.61850429670045
1671000.0	477.60812526408733	477.60812526408733
1672000.0	475.28479379615106	475.28479379615106
1673000.0	493.975084838575	493.975084838575
1674000.0	473.62656501348584	473.62656501348584
1675000.0	486.80787390478235	486.80787390478235
1676000.0	477.6020880233762	477.6020880233762
1677000.0	479.7040539984841	479.7040539984841
1678000.0	502.346725294725	502.346725294725
1679000.0	477.0215067080831	477.0215067080831
1680000.0	491.58433751600114	491.58433751600114
1681000.0	484.263176944014	484.263176944014
1682000.0	495.82449291049835	495.82449291049835
1683000.0	485.65073610134664	485.65073610134664
1684000.0	497.41530583852597	497.41530583852597
1685000.0	485.3649733742417	485.3649733742417
1686000.0	496.04887702368416	496.04887702368416
1687000.0	490.4674479839901	490.4674479839901
1688000.0	494.0264013846398	494.0264013846398
1689000.0	490.72403071431785	490.72403071431785
1690000.0	492.75858083479176	492.75858083479176
1691000.0	481.93380823535927	481.93380823535927
1692000.0	486.6579490937311	486.6579490937311
1693000.0	492.050211257735	492.050211257735
1694000.0	486.90446975620085	486.90446975620085
1695000.0	475.7013634053844	475.7013634053844
1696000.0	494.13205309712686	494.13205309712686
1697000.0	489.7580722001439	489.7580722001439
1698000.0	479.4414340274415	479.4414340274415
1699000.0	478.20078106080274	478.20078106080274
1700000.0	495.6775867198008	495.6775867198008
1701000.0	480.47279598267784	480.47279598267784
1702000.0	487.70641656431866	487.70641656431866
1703000.0	491.2754320328228	491.2754320328228
1704000.0	468.6981641776442	468.6981641776442
1705000.0	478.20581209473175	478.20581209473175
1706000.0	472.7099106318087	472.7099106318087
1707000.0	487.9650117082144	487.9650117082144
1708000.0	465.8445617336975	465.8445617336975
1709000.0	485.79965470561575	485.79965470561575
1710000.0	492.2846574387751	492.2846574387751
1711000.0	474.56032491051786	474.56032491051786
1712000.0	472.0890810450983	472.0890810450983
1713000.0	480.4979511523155	480.4979511523155
1714000.0	480.5643608001673	480.5643608001673
1715000.0	474.6448462805104	474.6448462805104
1716000.0	483.03157983844375	483.03157983844375
1717000.0	478.7290396232379	478.7290396232379
1718000.0	484.6566037971813	484.6566037971813
1719000.0	472.2933410225754	472.2933410225754
1720000.0	479.2200685346131	479.2200685346131
1721000.0	487.0091152619021	487.0091152619021
1722000.0	468.3127869787633	468.3127869787633
1723000.0	475.08355243903134	475.08355243903134
1724000.0	469.3924468597034	469.3924468597034
1725000.0	470.34029365173666	470.34029365173666
1726000.0	462.8772579229737	462.8772579229737
1727000.0	464.4680708510013	464.4680708510013
1728000.0	465.747965882279	465.747965882279
1729000.0	474.01697324629566	474.01697324629566
1730000.0	458.54755012456224	458.54755012456224
1731000.0	486.5633656558842	486.5633656558842
1732000.0	503.32475829032126	503.32475829032126
1733000.0	487.95897446750325	487.95897446750325
1734000.0	480.87527869691365	480.87527869691365
1735000.0	486.13270915164964	486.13270915164964
1736000.0	479.3337699013829	479.3337699013829
1737000.0	485.08424168105836	485.08424168105836
1738000.0	481.3250531300747	481.3250531300747
1739000.0	476.04548612605845	476.04548612605845
1740000.0	474.9748821061869	474.9748821061869
1741000.0	479.98881051880693	479.98881051880693
1742000.0	461.8539456220274	461.8539456220274
1743000.0	466.8256133496511	466.8256133496511
1744000.0	472.3134651582841	472.3134651582841
1745000.0	470.7870494645403	470.7870494645403
1746000.0	451.5715184800313	451.5715184800313
1747000.0	461.02583743748244	461.02583743748244
1748000.0	462.30573246875645	462.30573246875645
1749000.0	475.09059588652826	475.09059588652826
1750000.0	471.09293632736126	471.09293632736126
1751000.0	461.5339718642053	461.5339718642053
1752000.0	456.88328410118584	456.88328410118584
1753000.0	468.3349235280436	468.3349235280436
1754000.0	469.65104200360275	469.65104200360275
1755000.0	476.1561688724745	476.1561688724745
1756000.0	479.62858848956006	479.62858848956006
1757000.0	481.2827924450821	481.2827924450821
1758000.0	475.0121117572505	475.0121117572505
1759000.0	477.7942735194201	477.7942735194201
1760000.0	513.4482047601939	513.4482047601939
1761000.0	486.73140218907616	486.73140218907616
1762000.0	488.5073571656507	488.5073571656507
1763000.0	484.7189886178862	484.7189886178862
1764000.0	489.1895653662877	489.1895653662877
1765000.0	493.1610635490276	493.1610635490276
1766000.0	478.40101621113666	478.40101621113666
1767000.0	463.7888812707254	463.7888812707254
1768000.0	470.8947135905953	470.8947135905953
1769000.0	456.0823434998538	456.0823434998538
1770000.0	473.9113215338123	473.9113215338123
1771000.0	464.106842614976	464.106842614976
1772000.0	480.5915283833766	480.5915283833766
1773000.0	477.3797163237583	477.3797163237583
1774000.0	473.6104657049167	473.6104657049167
1775000.0	484.3607790022146	484.3607790022146
1776000.0	469.9398233510688	469.9398233510688
1777000.0	499.5263276747024	499.5263276747024
1778000.0	474.5492566358777	474.5492566358777
1779000.0	468.9849331115386	468.9849331115386
1780000.0	487.18017041545147	487.18017041545147
1781000.0	480.9869676501155	480.9869676501155
1782000.0	477.77213697013616	477.77213697013616
1783000.0	489.3666577605519	489.3666577605519
1784000.0	487.55749796004955	487.55749796004955
1785000.0	486.0502001952287	486.0502001952287
1786000.0	486.4687822180373	486.4687822180373
1787000.0	492.6006063694504	492.6006063694504
1788000.0	489.3787322419778	489.3787322419778
1789000.0	480.64485734301303	480.64485734301303
1790000.0	495.18857022200086	495.18857022200086
1791000.0	487.5836593364767	487.5836593364767
1792000.0	492.9960456361893	492.9960456361893
1793000.0	494.2839903217534	494.2839903217534
1794000.0	488.6431950817081	488.6431950817081
1795000.0	486.77165046050084	486.77165046050084
1796000.0	492.5442587894603	492.5442587894603
1797000.0	483.0205115638036	483.0205115638036
1798000.0	476.037436471772	476.037436471772
1799000.0	480.28564152055566	480.28564152055566
1800000.0	480.1015056787945	480.1015056787945
1801000.0	477.22677289234605	477.22677289234605
1802000.0	478.1806569250904	478.1806569250904
1803000.0	478.30140173936076	478.30140173936076
1804000.0	474.6378028330098	474.6378028330098
1805000.0	471.83350452156	471.83350452156
1806000.0	483.6997011440795	483.6997011440795
1807000.0	478.99367200785207	478.99367200785207
1808000.0	475.9861199257072	475.9861199257072
1809000.0	482.6814198770549	482.6814198770549
1810000.0	470.11590953854716	470.11590953854716
1811000.0	482.0515344292759	482.0515344292759
1812000.0	476.72769432669173	476.72769432669173
1813000.0	483.27709429412766	483.27709429412766
1814000.0	471.00439013022554	471.00439013022554
1815000.0	484.97355893464237	484.97355893464237
1816000.0	476.8393832798936	476.8393832798936
1817000.0	473.96163187309133	473.96163187309133
1818000.0	488.95511918524386	488.95511918524386
1819000.0	486.55632220838356	486.55632220838356
1820000.0	489.2267950173513	489.2267950173513
1821000.0	477.42499562910837	477.42499562910837
1822000.0	486.8652276915619	486.8652276915619
1823000.0	476.3845778128035	476.3845778128035
1824000.0	489.25798742770746	489.25798742770746
1825000.0	497.6266092634964	497.6266092634964
1826000.0	486.6992035719379	486.6992035719379
1827000.0	483.9542714608356	483.9542714608356
1828000.0	479.8610222570359	479.8610222570359
1829000.0	466.1212685997339	466.1212685997339
1830000.0	491.37605271138443	491.37605271138443
1831000.0	481.073501433676	481.073501433676
1832000.0	492.09448435629923	492.09448435629923
1833000.0	484.61836793932815	484.61836793932815
1834000.0	477.8194286890614	477.8194286890614
1835000.0	486.3279132680546	486.3279132680546
1836000.0	471.2177059687712	471.2177059687712
1837000.0	468.754511757638	468.754511757638
1838000.0	478.58716446647304	478.58716446647304
1839000.0	484.1695997129492	484.1695997129492
1840000.0	486.1759760434281	486.1759760434281
1841000.0	469.8643578421484	469.8643578421484
1842000.0	478.2722217425799	478.2722217425799
1843000.0	485.6396678267065	485.6396678267065
1844000.0	462.91146895368723	462.91146895368723
1845000.0	483.7600735512165	483.7600735512165
1846000.0	489.4592287848235	489.4592287848235
1847000.0	482.49426541493636	482.49426541493636
1848000.0	483.81843354477826	483.81843354477826
1849000.0	498.70828155801536	498.70828155801536
1850000.0	485.0983285760559	485.0983285760559
1851000.0	474.7816904033499	474.7816904033499
1852000.0	483.96030870155045	483.96030870155045
1853000.0	475.13185036473874	475.13185036473874
1854000.0	482.58985505956906	482.58985505956906
1855000.0	473.2623181571031	473.2623181571031
1856000.0	471.6433314390804	471.6433314390804
1857000.0	471.67955488336185	471.67955488336185
1858000.0	476.95912188737816	476.95912188737816
1859000.0	488.80519437418894	488.80519437418894
1860000.0	472.4804954846976	472.4804954846976
1861000.0	469.05939241367315	469.05939241367315
1862000.0	479.35892507102056	479.35892507102056
1863000.0	479.121460269623	479.121460269623
1864000.0	490.5308390114845	490.5308390114845
1865000.0	477.9381610897602	477.9381610897602
1866000.0	466.66260785038446	466.66260785038446
1867000.0	469.4910551246935	469.4910551246935
1868000.0	477.91401212690465	477.91401212690465
1869000.0	492.135738834506	492.135738834506
1870000.0	469.00606345403673	469.00606345403673
1871000.0	473.0439712846284	473.0439712846284
1872000.0	480.6186959665859	480.6186959665859
1873000.0	476.39564608744365	476.39564608744365
1874000.0	462.7253206983545	462.7253206983545
1875000.0	475.59269307254	475.59269307254
1876000.0	484.9021182528652	484.9021182528652
1877000.0	481.50818276505373	481.50818276505373
1878000.0	482.90982881738756	482.90982881738756
1879000.0	478.83972236965394	478.83972236965394
1880000.0	484.30443142222447	484.30443142222447
1881000.0	497.45756652352225	497.45756652352225
1882000.0	482.58281161206844	482.58281161206844
1883000.0	480.5281373558822	480.5281373558822
1884000.0	480.11760498736004	480.11760498736004
1885000.0	486.80586149121075	486.80586149121075
1886000.0	491.5913809635017	491.5913809635017
1887000.0	503.0621383192823	503.0621383192823
1888000.0	493.0594366636837	493.0594366636837
1889000.0	492.908505645843	492.908505645843
1890000.0	494.61100752707245	494.61100752707245
1891000.0	491.7231940524122	491.7231940524122
1892000.0	494.1551958531966	494.1551958531966
1893000.0	485.9676912388114	485.9676912388114
1894000.0	493.0040952904757	493.0040952904757
1895000.0	480.2775918662693	480.2775918662693
1896000.0	494.63012545599537	494.63012545599537
1897000.0	465.96832516832524	465.96832516832524
1898000.0	470.2980329667367	470.2980329667367
1899000.0	476.4016833281584	476.4016833281584
1900000.0	484.84073963894605	484.84073963894605
1901000.0	482.8917170952468	482.8917170952468
1902000.0	484.893062391793	484.893062391793
1903000.0	478.87997064108225	478.87997064108225
1904000.0	485.0228630671356	485.0228630671356
1905000.0	475.46188619041527	475.46188619041527
1906000.0	462.08436697592805	462.08436697592805
1907000.0	485.35591751316946	485.35591751316946
1908000.0	464.59485290599014	464.59485290599014
1909000.0	493.9459048417941	493.9459048417941
1910000.0	465.84959276762646	465.84959276762646
1911000.0	469.01713172868057	469.01713172868057
1912000.0	469.11573999366334	469.11573999366334
1913000.0	482.9188846784561	482.9188846784561
1914000.0	472.995673358921	472.995673358921
1915000.0	473.3679698695901	473.3679698695901
1916000.0	479.62255124884894	479.62255124884894
1917000.0	488.188389614618	488.188389614618
1918000.0	476.80517224918367	476.80517224918367
1919000.0	487.92677585036495	487.92677585036495
1920000.0	460.37280923363	460.37280923363
1921000.0	472.31950239899885	472.31950239899885
1922000.0	479.9817670713063	479.9817670713063
1923000.0	478.68174790431993	478.68174790431993
1924000.0	477.46625010731884	477.46625010731884
1925000.0	469.17913102115773	469.17913102115773
1926000.0	481.70238067467284	481.70238067467284
1927000.0	477.01043843344297	477.01043843344297
1928000.0	477.51957906695526	477.51957906695526
1929000.0	470.7226522302601	470.7226522302601
1930000.0	467.66277739526834	467.66277739526834
1931000.0	486.8923952747712	486.8923952747712
1932000.0	474.03508496844006	474.03508496844006
1933000.0	473.27238022495743	473.27238022495743
1934000.0	475.688282717169	475.688282717169
1935000.0	471.5256052451638	471.5256052451638
1936000.0	485.99083399487745	485.99083399487745
1937000.0	480.08440016343593	480.08440016343593
1938000.0	474.42750561482154	474.42750561482154
1939000.0	470.29199572602556	470.29199572602556
1940000.0	481.16707866473706	481.16707866473706
1941000.0	475.18618553116096	475.18618553116096
1942000.0	475.108707608669	475.108707608669
1943000.0	469.587650976112	469.587650976112
1944000.0	485.18989339354545	485.18989339354545
1945000.0	467.7794973823955	467.7794973823955
1946000.0	482.7246867688406	482.7246867688406
1947000.0	487.12281662867184	487.12281662867184
1948000.0	475.9388282067856	475.9388282067856
1949000.0	485.4434575035158	485.4434575035158
1950000.0	486.6136759951632	486.6136759951632
1951000.0	494.20047515855026	494.20047515855026
1952000.0	481.95091375071786	481.95091375071786
1953000.0	483.18251085628077	483.18251085628077
1954000.0	475.66312754753136	475.66312754753136
1955000.0	495.3525819280533	495.3525819280533
1956000.0	475.2445455247264	475.2445455247264
1957000.0	489.5346942937439	489.5346942937439
1958000.0	488.10286203784335	488.10286203784335
1959000.0	485.84493401096574	485.84493401096574
1960000.0	481.31599726900254	481.31599726900254
1961000.0	483.93917835904864	483.93917835904864
1962000.0	487.44580900684775	487.44580900684775
1963000.0	482.9490708820228	482.9490708820228
1964000.0	477.7318886987151	477.7318886987151
1965000.0	478.75117617252187	478.75117617252187
1966000.0	479.26132301281996	479.26132301281996
1967000.0	489.71681772193705	489.71681772193705
1968000.0	476.2527647238893	476.2527647238893
1969000.0	479.5772719434989	479.5772719434989
1970000.0	472.2792541275779	472.2792541275779
1971000.0	484.91519894107694	484.91519894107694
1972000.0	482.71462470098265	482.71462470098265
1973000.0	478.4784941336286	478.4784941336286
1974000.0	472.066944495818	472.066944495818
1975000.0	465.6181652069364	465.6181652069364
1976000.0	479.50180643457486	479.50180643457486
1977000.0	475.3351041354301	475.3351041354301
1978000.0	486.6992035719379	486.6992035719379
1979000.0	479.44847747493844	479.44847747493844
1980000.0	487.62994484861616	487.62994484861616
1981000.0	475.1449310529542	475.1449310529542
1982000.0	487.43775935256133	487.43775935256133
1983000.0	481.9599696117864	481.9599696117864
1984000.0	473.412242968158	473.412242968158
1985000.0	490.383932820787	490.383932820787
1986000.0	482.02537305284875	482.02537305284875
1987000.0	477.8516273061997	477.8516273061997
1988000.0	473.78957051275614	473.78957051275614
1989000.0	479.99082293237484	479.99082293237484
1990000.0	477.6463611219404	477.6463611219404
1991000.0	469.32905583221265	469.32905583221265
1992000.0	488.09581859034273	488.09581859034273
1993000.0	481.6309399928957	481.6309399928957
1994000.0	485.4233333678034	485.4233333678034
1995000.0	470.5767522463484	470.5767522463484
1996000.0	485.0027389314232	485.0027389314232
1997000.0	489.7429790983642	489.7429790983642
1998000.0	472.41307963006	472.41307963006
1999000.0	488.7991571334742	488.7991571334742
2000000.0	472.03172725831865	472.03172725831865
