0	506.8605689349049
1000	521.1668170124951
2000	502.53589217041514
3000	526.7341591571917
4000	516.3571485773487
5000	510.5986271433904
6000	497.82181337990494
7000	502.08913635761144
8000	502.1726515208182
9000	521.369064576397
10000	511.23354362509843
11000	513.7289364533772
12000	515.2885569710487
13000	508.64054873862267
14000	528.1156810738131
15000	519.8345992283669
16000	513.258031677718
17000	525.4633199869862
18000	513.652464737671
19000	528.1498921045267
20000	528.5896044698297
21000	519.8637792251477
22000	513.7037812837359
23000	508.7673307936078
24000	514.6445846282685
25000	520.6848439621922
26000	531.863801350153
27000	519.3938806562743
28000	524.5325787103116
29000	519.7732206144441
30000	526.0740875058423
31000	529.873524328247
32000	527.2171384142769
33000	532.0167447815617
34000	526.5399612475725
35000	513.2680937455723
36000	513.1704916873717
37000	527.4576218360354
38000	529.0645340726322
39000	522.9367347483549
40000	516.8642767972893
41000	510.0341451366701
42000	499.4045766536462
43000	513.2831868473593
44000	515.7363189906382
45000	504.39636851698225
46000	524.4098214824659
47000	516.9105623094251
48000	515.659847274932
49000	527.8842535131267
50000	501.5810019308886
51000	507.80539710657706
52000	522.7606485608766
53000	518.811286927417
54000	515.8842313881215
55000	519.546824087683
56000	526.4141853993732
57000	514.6244604925525
58000	511.39856153793664
59000	519.717879241236
60000	521.8067645281321
61000	519.1312606852318
62000	507.589062647674
63000	519.7651709601577
64000	509.05108110714485
65000	513.081945490236
66000	523.0826347322667
67000	521.6669017849316
68000	524.0556366939376
69000	524.8455090206295
70000	528.8401499594427
71000	512.7156862202817
72000	521.6236348931532
73000	524.0495994532228
74000	524.7519317895684
75000	515.5582203895882
76000	519.7037923462385
77000	524.4369890656789
78000	522.6861892587419
79000	542.9874173649059
80000	523.1500505869043
81000	519.8939654287144
82000	517.032313330485
83000	514.9313535621629
84000	500.1370951935585
85000	518.7710386559922
86000	525.2087496702301
87000	518.08379942143
88000	519.3445765237811
89000	524.6603669720789
90000	517.0162140219159
91000	526.3367074768812
92000	518.2035380289182
93000	516.4698437373363
94000	517.655155330767
95000	529.6259974589915
96000	525.4099910273461
97000	528.1468734841693
98000	507.0517482241703
99000	520.6908812029069
100000	513.7661661044444
101000	516.209236179869
102000	521.6558335102951
103000	514.9051921857358
104000	532.0439123647783
105000	505.9268090378729
106000	526.771388808259
107000	518.8646158870533
108000	516.9186119637116
109000	516.0693734366685
110000	514.7250811711142
111000	507.24192130664255
112000	514.4765480950729
113000	511.8362614896718
114000	505.81813870502845
115000	526.1183606044066
116000	533.2211743039227
117000	537.6152793366143
118000	529.9409401828809
119000	527.9416072999064
120000	521.5532004181619
121000	531.6484730980358
122000	521.8439941791994
123000	528.462822414841
124000	502.1756701411756
125000	536.960238719194
126000	531.6997896441043
127000	538.077128251205
128000	510.51813060054474
129000	518.322270429617
130000	528.9558637397841
131000	521.7876465992056
132000	506.76397308349004
133000	511.5142753182817
134000	516.7324637083789
135000	528.749591348739
136000	519.1866020584434
137000	523.564607782566
138000	513.8205012708667
139000	526.3588440261651
140000	521.2131025246309
141000	525.6011703166115
142000	527.1245673900015
143000	521.6719328188606
144000	533.3710991149776
145000	507.1513626959425
146000	511.2939160322354
147000	513.4381426923396
148000	513.0940199716655
149000	513.4441799330543
150000	521.0511032321501
151000	530.4430373688963
152000	527.6719438813669
153000	511.20335742153173
154000	507.8858936494264
155000	510.51511198018363
156000	527.7262790477854
157000	517.1409836633294
158000	524.059661521077
159000	513.9331964308507
160000	506.97527650846047
161000	525.7420392665942
162000	520.0861509247657
163000	514.653640489337
164000	527.2503432382046
165000	516.0019575820345
166000	515.5511769420876
167000	511.652125647907
168000	522.5594072037604
169000	525.120203473098
170000	510.93570641656385
171000	509.29659556283247
172000	529.7225933104099
173000	514.8689687414543
174000	516.1870996305851
175000	514.0167115940574
176000	517.5927705100585
177000	516.550340280182
178000	518.6583434960083
179000	517.9882097767972
180000	532.0660489140586
181000	510.4819071562596
182000	527.5190004499582
183000	513.8828860915717
184000	518.4410028303195
185000	507.94224122942023
186000	516.9910588522745
187000	516.5614085548258
188000	515.4012521310327
189000	525.4794192955553
190000	514.3930329318661
191000	518.011352532867
192000	512.5969538195828
193000	505.8644242171679
194000	515.8822189745499
195000	518.5144559256645
196000	522.8341016562252
197000	511.4277415347212
198000	517.1621140058239
199000	521.6548273035056
200000	522.3772837755636
201000	515.5813631456542
202000	530.4702049521055
203000	535.2577368379682
204000	521.8953107252643
205000	523.3925464222308
206000	527.8490362756274
207000	534.981029971928
208000	515.9959203413233
209000	527.6850245695787
210000	517.7165339446899
211000	502.8266859314564
212000	521.0239356489409
213000	523.5012167550752
214000	524.1049408264307
215000	527.3409018489045
216000	508.3245998079437
217000	531.5458400059061
218000	514.2360646733179
219000	514.5872308414889
220000	510.417509921983
221000	510.7797443647978
222000	505.25667531866554
223000	518.6734365977879
224000	511.5152815250675
225000	517.2888960608091
226000	510.10659202523306
227000	506.27898141282964
228000	502.34169426079967
229000	522.1166762180927
230000	529.717562276481
231000	530.028480173231
232000	512.6331772638606
233000	512.1300738710631
234000	521.6749514392217
235000	526.2904219647454
236000	523.9580346357369
237000	534.9659368701448
238000	514.8075901275351
239000	519.5085882298335
240000	510.3128644162818
241000	519.3727503137762
242000	505.09769464654204
243000	512.8837227534773
244000	520.1998522915354
245000	516.5785140701807
246000	513.281174433784
247000	511.6551442682644
248000	510.52014301411265
249000	512.9913868795322
250000	520.3306591736674
251000	518.5818717803021
252000	524.3585049364011
253000	521.6336969610112
254000	516.8964754144276
255000	514.6868453132611
256000	514.0378419365519
257000	512.9662317098946
258000	519.2198068823675
259000	508.63753011826526
260000	517.6259753339862
261000	515.8268776013382
262000	508.45943151721525
263000	504.6207526301717
264000	519.5588985691126
265000	506.8605689349049
266000	522.7022885673111
267000	527.8570859299139
268000	506.10993867285185
269000	502.6827983611163
270000	503.16376520462984
271000	514.4121508607963
272000	516.375260299493
273000	498.70425673087215
274000	525.3647117219961
275000	507.0819344277333
276000	507.9392226090628
277000	511.86745390002426
278000	514.4856039561414
279000	514.4151694811537
280000	514.4534053390031
281000	513.212752372368
282000	508.38396600829856
283000	512.4269048728156
284000	510.5533478380404
285000	494.3785737595966
286000	517.2124243451029
287000	535.5545678397169
288000	522.9286850940722
289000	508.73010114254055
290000	522.4477182505586
291000	518.4228911081786
292000	517.4800753500745
293000	516.4346264998406
294000	504.49497678196866
295000	512.018384917865
296000	513.5357447505402
297000	515.5954500406555
298000	515.7433624381351
299000	515.142656987137
300000	508.95046042858684
301000	508.33667428937326
302000	527.2090887599904
303000	523.0685478372691
304000	525.0316572759622
305000	517.9268311628781
306000	508.7914797564634
307000	519.810450265515
308000	515.3167307610438
309000	519.6997675190953
310000	508.38899704222393
311000	514.2179529511735
312000	509.77856861312813
313000	522.892461649787
314000	524.4611380285307
315000	527.956700401686
316000	528.8471934069397
317000	529.3925574847298
318000	524.365548383898
319000	520.8216880850354
320000	518.0153773600102
321000	529.994269142521
322000	515.1587562957061
323000	518.0807808010762
324000	521.1044321917865
325000	507.2741199237845
326000	530.1190387839309
327000	518.3866676638935
328000	515.5099224638808
329000	519.0014600098929
330000	520.7271046471884
331000	542.7157415327985
332000	524.5406283645943
333000	519.6243020101786
334000	510.4879443969744
335000	499.7778793711011
336000	500.6492544474282
337000	522.2696196495086
338000	524.026456697153
339000	519.2771606691472
340000	517.487118797575
341000	531.868832384082
342000	519.5136192637626
343000	505.81713249824264
344000	530.2679573882
345000	504.8219939872878
346000	499.29490011401595
347000	508.14549500010787
348000	499.00712497333575
349000	517.1470209040442
350000	508.54194047363256
351000	507.6987391873042
352000	515.270445248908
353000	504.53623126017914
354000	512.9440951606143
355000	520.1988460847496
356000	530.412851165326
357000	513.2580316777144
358000	503.6205830852879
359000	508.5912446061294
360000	528.7425479012385
361000	527.5964783724429
362000	507.97242743298693
363000	520.9031908346668
364000	522.9789954333512
365000	518.8776965752651
366000	512.6039972670834
367000	527.2805294417713
368000	501.7359577758689
369000	510.0854616827386
370000	518.1522214828534
371000	515.3479231713962
372000	502.469482522567
373000	517.8654525489553
374000	526.7744074286163
375000	526.221999903322
376000	515.8137969131301
377000	526.0418888887041
378000	530.2649387678426
379000	536.1804284603564
380000	537.7330055305309
381000	528.3571707023539
382000	530.9531842091907
383000	514.5842122211315
384000	539.3489736281963
385000	524.2860580478382
386000	527.0863315321484
387000	521.0762584017878
388000	514.4715170611476
389000	531.3516420962833
390000	518.9853607013274
391000	533.9647611184787
392000	522.7747354558741
393000	533.369086701406
394000	523.1913050651111
395000	530.4661801249624
396000	541.9620926503843
397000	529.7095126221982
398000	524.9300303906183
399000	519.3707379002046
400000	508.60935632827017
401000	509.1084348939245
402000	524.4953490592443
403000	519.9322012865712
404000	518.2880593989071
405000	524.970278662043
406000	512.5456372735143
407000	514.5832060143457
408000	512.1340986982063
409000	516.6751099215955
410000	500.7891171906251
411000	503.85804788668906
412000	511.57364151862924
413000	514.6214418721987
414000	512.1169931828551
415000	520.6727694807662
416000	508.40509635079303
417000	508.9192680182307
418000	514.2320398461746
419000	518.4410028303157
420000	512.0747324978552
421000	501.2459350712831
422000	491.4495058067332
423000	524.7720559252807
424000	507.4753612809042
425000	520.2340633222452
426000	501.96436671620154
427000	517.8543842743152
428000	515.1486942278518
429000	511.75375253325086
430000	506.9561585795339
431000	514.4433432711487
432000	511.89260906966564
433000	508.50269840899733
434000	511.94593802930206
435000	517.3371939865201
436000	504.4275609273347
437000	495.5850156955255
438000	517.4690070754307
439000	522.9830202604908
440000	520.5560494936391
441000	519.940250940854
442000	528.4155306959193
443000	517.0041395404862
444000	510.894451938357
445000	511.2707732761657
446000	519.7581275126607
447000	522.2042162084426
448000	509.64273069707446
449000	506.6341724081438
450000	516.8189974919393
451000	510.79584367336327
452000	523.3412298761659
453000	530.9340662802642
454000	515.3700597206838
455000	521.0994011578575
456000	513.4190247634131
457000	511.32108361544834
458000	515.0007818303685
459000	516.4477071880523
460000	516.1237086030943
461000	512.39168763532
462000	502.70191629003915
463000	509.5853769102948
464000	512.0606456028576
465000	515.026943206792
466000	518.6935607335004
467000	514.8900990839525
468000	517.7980366943214
469000	513.6303281883871
470000	533.7997432056368
471000	528.5040768930514
472000	513.4612854484056
473000	511.2365622454558
474000	513.7138433515902
475000	520.033828171915
476000	522.5020534169772
477000	518.2367428528423
478000	516.6227871687449
479000	501.50654262875406
480000	503.8177996152644
481000	512.3765945335366
482000	508.9826590457251
483000	507.81948400157825
484000	502.26220392473607
485000	500.03848692857207
486000	510.61472645195954
487000	526.2602357611751
488000	505.10775671439643
489000	518.6291634992238
490000	514.7029446218303
491000	521.2312142467717
492000	507.5890626476776
493000	514.7864597850333
494000	519.3103654930712
495000	520.3598391704483
496000	521.26341286391
497000	519.2801792895045
498000	506.42387518995554
499000	514.9031797721642
500000	510.9266505554953
501000	514.0277798686975
502000	511.09669950226254
503000	518.3886800774651
504000	500.3685227542449
505000	507.6464164344536
506000	511.39755533115084
507000	494.3986978953126
508000	512.7026055320662
509000	524.2790146003412
510000	516.7857926680116
511000	502.2722659925941
512000	502.61135767933547
513000	503.1999886489113
514000	511.122860878686
515000	505.7990207761019
516000	507.0265930545253
517000	504.7978450244359
518000	514.198835022247
519000	509.4928058860232
520000	501.2982578241374
521000	529.5354388482878
522000	528.6348837751798
523000	517.1319278022609
524000	508.61338115540974
525000	524.3413994210462
526000	507.91205502585353
527000	518.1039235571424
528000	531.9503351337136
529000	511.4850953215008
530000	512.1803842103421
531000	517.7869684196812
532000	517.6712546393362
533000	512.186421451057
534000	519.7118420005249
535000	518.8334234767009
536000	515.6467665867202
537000	487.4025421150693
538000	509.3569679699658
539000	508.2813329161653
540000	511.94795044287366
541000	509.64675552421767
542000	511.1460036347521
543000	506.6160606860031
544000	510.2102313241485
545000	520.5278757036403
546000	522.4879665219833
547000	523.5575643350691
548000	512.0395152603631
549000	514.3678777622284
550000	515.0239245864382
551000	516.4728623576937
552000	514.8890928771666
553000	520.7472287829007
554000	519.9493068019225
555000	520.0358405854867
556000	519.8476799165786
557000	524.4510759606763
558000	530.7760918149265
559000	521.5874114488716
560000	521.6769638527896
561000	512.2286821360533
562000	521.2312142467717
563000	528.166997619878
564000	515.3599976528259
565000	516.0975472266672
566000	526.7251032961194
567000	521.2020342499908
568000	518.4671642067392
569000	529.32413542331
570000	525.0890110627419
571000	505.2073711861723
572000	517.5193174147133
573000	512.1662973153447
574000	524.2287042610585
575000	519.69473648517
576000	514.7361494457543
577000	515.4958355688832
578000	527.1114867017898
579000	500.94306682881955
580000	518.0033028785806
581000	497.9083471634691
582000	510.6579933437416
583000	524.4390014792505
584000	507.9432474362024
585000	508.62143080969247
586000	520.5892543175595
587000	513.825532304792
588000	511.66923116326564
589000	495.6373384483798
590000	509.86610860347446
591000	500.2457655264029
592000	517.3190822643794
593000	497.2794679224686
594000	513.6474337037421
595000	512.4359607338841
596000	519.3325020423515
597000	517.5253546554245
598000	503.2985969139014
599000	514.3880018979407
600000	509.75945068420526
601000	503.80371272026684
602000	514.5469825700642
603000	504.2072016412921
604000	515.4948293620938
605000	508.0730481115486
606000	512.008322850007
607000	524.8334345392035
608000	528.7073306637427
609000	504.02407200631313
610000	506.67341447278636
611000	516.7445381898048
612000	497.2814803360402
613000	514.5671067057765
614000	516.9467857537103
615000	519.256030326649
616000	510.4859319834028
617000	518.7831131374182
618000	525.6243130726813
619000	524.1019222060734
620000	513.0316351509606
621000	522.5352582409013
622000	518.4289283488898
623000	524.0807918635788
624000	519.8205123333656
625000	519.210751021299
626000	510.7364774730157
627000	515.3277990356839
628000	510.0894865098781
629000	511.89160286287984
630000	525.2862275927183
631000	503.1808707199848
632000	514.5731439464913
633000	526.8840839682466
634000	536.6563642699446
635000	535.0152410026379
636000	532.2703088915357
637000	519.3958930698459
638000	538.6536847393476
639000	532.2562219965381
640000	538.4212509718753
641000	523.1923112718969
642000	535.9097588350311
643000	534.3038528052201
644000	523.2929319504549
645000	527.5854100978028
646000	521.8651245216976
647000	538.1193889361977
648000	533.5743528856652
649000	536.9562138920508
650000	527.4636590767466
651000	516.0180568906036
652000	514.716025310042
653000	520.9927432385883
654000	517.042375398343
655000	536.3726139564039
656000	521.9426024441859
657000	521.7524293617099
658000	508.2350474040258
659000	514.5610694650654
660000	525.6192820387522
661000	530.0979084414364
662000	519.2429496384373
663000	521.0068301335823
664000	515.6799714106444
665000	515.559226596374
666000	513.568949574468
667000	506.18137935462903
668000	520.8277253257501
669000	521.8369507316988
670000	517.3190822643794
671000	528.7415416944526
672000	516.3018072041406
673000	515.3569790324684
674000	523.3834905611623
675000	524.8082793695622
676000	508.11732121011283
677000	518.1904573407065
678000	517.655155330767
679000	531.7168951594591
680000	516.4446885676986
681000	507.52466541339743
682000	524.5627649138783
683000	527.1628032478546
684000	508.36384187258255
685000	520.6204467279156
686000	517.4710194890023
687000	506.50537793958705
688000	516.6861781962393
689000	530.1301070585747
690000	514.3769336233006
691000	521.6336969610112
692000	510.7626388494392
693000	519.7319661362336
694000	530.2518580796309
695000	532.3598612954536
696000	523.9308670525239
697000	514.9716018335876
698000	523.6581850136271
699000	519.4391599616243
700000	520.5882481107773
701000	507.50957231161044
702000	527.0802942914373
703000	500.2397282856881
704000	505.2939049697328
705000	503.3207334631817
706000	503.63165135993165
707000	535.8956719400336
708000	523.1762119633278
709000	533.5119680649602
710000	537.5267331394822
711000	515.4505562635259
712000	530.3051870392674
713000	506.1411310832043
714000	510.70930988980643
715000	520.924321177165
716000	522.0381920888186
717000	514.941415630021
718000	510.29877752128056
719000	512.5939351992255
720000	521.0621715067903
721000	516.6046754466042
722000	516.500029940903
723000	521.0500970253643
724000	522.2052224152284
725000	520.6224591414872
726000	516.6771223351708
727000	520.0781012704829
728000	508.23605361081525
729000	517.1037540122621
730000	519.0688758645268
731000	533.0782929403683
732000	513.8426378201469
733000	508.54495909399
734000	521.26341286391
735000	512.5687800295877
736000	517.3281381254516
737000	516.5322285580448
738000	507.14029442129873
739000	515.5380962538759
740000	525.8668089080078
741000	520.9766439300156
742000	529.3824954168755
743000	524.7972110949221
744000	528.0774452159601
745000	517.6471056764843
746000	530.9209855920525
747000	519.7863013026595
748000	516.1891120441567
749000	514.7753915103968
750000	518.0274518414399
751000	523.5726574368524
752000	532.5832392018535
753000	541.3633996129578
754000	508.9132307775195
755000	525.6001641098256
756000	517.0534436729795
757000	549.0538380752604
758000	524.9692724552573
759000	506.7740351513444
760000	529.916791220029
761000	531.5337655244765
762000	523.085653352624
763000	529.527389194005
764000	500.3695289610307
765000	518.8475103716984
766000	503.5471299899391
767000	507.589062647674
768000	504.68514986444825
769000	506.42588760352714
770000	510.2172747716491
771000	504.90550915049454
772000	520.079107477265
773000	517.4881250043572
774000	507.07891580737953
775000	501.44214539447387
776000	514.4352936168624
777000	512.0244221585762
778000	512.7700213867038
779000	512.913908957044
780000	503.24929278140456
781000	509.3016265967578
782000	508.84782733645716
783000	508.9917149067973
784000	502.56406596041387
785000	490.14043077867467
786000	503.7493775538446
787000	507.34455439877587
788000	514.5711315329197
789000	522.628835471966
790000	504.2293381905724
791000	522.3138927480728
792000	516.1518823930894
793000	505.08461395833035
794000	514.1444998558247
795000	526.5862467597084
796000	515.2301969774833
797000	518.9501434638281
798000	528.8492058205113
799000	508.5187977175665
800000	519.6615316612459
801000	520.5319005307834
802000	501.0296006123837
803000	518.5788531599447
804000	518.8776965752651
805000	519.8376178487242
806000	514.5801873939882
807000	522.5674568580432
808000	514.1696550254661
809000	518.7972000324157
810000	520.9082218685958
811000	515.9778086191826
812000	516.5724768294659
813000	505.603816659697
814000	522.5342520341154
815000	537.5106338309131
816000	520.2894046954569
817000	528.6902251483879
818000	520.1334426436872
819000	523.1057774883363
820000	524.1582697860672
821000	522.6519782280321
822000	528.6922375619594
823000	521.513958353523
824000	511.7467090857539
825000	508.75425010539243
826000	515.9546658631128
827000	525.2681158705776
828000	525.719902717314
829000	511.7839387368212
830000	526.1586088758312
831000	510.6398816215972
832000	509.00781421536277
833000	531.4250951916357
834000	530.1039456821476
835000	530.1804173978537
836000	526.8750281071743
837000	521.0702211610767
838000	506.5939241367228
839000	511.3210836154447
840000	511.6974049532607
841000	511.71853529575884
842000	521.3388783728303
843000	513.3153854644976
844000	516.6137313076764
845000	520.9585322078748
846000	509.87717687811823
847000	508.989702493222
848000	527.983867984899
849000	503.80270651348104
850000	510.89243952478546
851000	504.7505533055106
852000	510.71434092373175
853000	508.30045084508816
854000	508.5006859954257
855000	501.94927361441455
856000	507.059797878453
857000	503.1838893403422
858000	516.3058320312838
859000	500.72270754277326
860000	522.1428375945235
861000	519.1413227530898
862000	507.8577198594277
863000	506.9038358266833
864000	517.1087850461874
865000	514.0972081369031
866000	534.2545486727269
867000	525.1222158866659
868000	525.4311213698479
869000	500.80622270598
870000	511.1107863972601
871000	513.4532357941229
872000	502.63450043540524
873000	500.6140372099325
874000	509.167801094272
875000	520.6697508604125
876000	518.8082683070595
877000	518.0586442517923
878000	512.5033765885217
879000	525.3747737898505
880000	505.54243804577413
881000	519.9000026694292
882000	510.05326306559664
883000	499.32911114472586
884000	502.8196424839558
885000	509.2543348778362
886000	526.9092391378842
887000	513.5176330284031
888000	517.9389056443041
889000	507.14130062808454
890000	505.3361656547291
891000	520.0177288633458
892000	528.7324858333841
893000	523.1651436886839
894000	510.93872503691756
895000	531.5257158701975
896000	510.64893748266945
897000	505.28183048830687
898000	527.2191508278447
899000	526.0972302619084
900000	514.863937707529
901000	514.5047218850716
902000	511.9549938903706
903000	509.1164845482072
904000	526.3779619550917
905000	523.0443988744172
906000	520.1616164336823
907000	517.2174553790319
908000	503.60951481064774
909000	513.7460419687285
910000	513.1252123820217
911000	517.0393567779819
912000	525.8980013183639
913000	505.55149390684636
914000	511.11078639725645
915000	505.49514632685253
916000	512.942082747039
917000	516.8964754144276
918000	507.85168261871286
919000	516.9427609265634
920000	522.7656795948055
921000	519.9040274965724
922000	524.3102070106937
923000	508.4996797886399
924000	519.5417930537576
925000	518.760976588138
926000	518.5396110953059
927000	522.907554751574
928000	510.5563664583941
929000	524.6704290399368
930000	536.400787746399
931000	511.96103113108535
932000	510.5624036991089
933000	507.65949712266536
934000	515.6296610713654
935000	502.01970808940587
936000	515.6387169324339
937000	515.6387169324339
938000	497.8530057902611
939000	516.8672954176467
940000	512.0445462942921
941000	506.67039585242895
942000	511.59275944755944
943000	509.96169824810715
944000	525.6172696251806
945000	513.9442647054944
946000	520.2219888408193
947000	505.8543621493099
948000	522.4607989387704
949000	509.93151204454045
950000	509.0913293785695
951000	518.8525414056238
952000	516.638886477314
953000	511.7004235736181
954000	515.4022583378221
955000	504.2907168044952
956000	532.6184564393493
957000	512.3776007403224
958000	516.2957699634295
959000	510.62277610624596
960000	503.0339645292873
961000	520.6496267246964
962000	522.3320044702099
963000	524.091860138219
964000	515.4072893717474
965000	508.85185216359673
966000	501.97342257727007
967000	513.4079564887729
968000	499.26773253080665
969000	502.87297144359223
970000	510.4839195698312
971000	520.6949060300501
972000	517.9268311628781
973000	509.5260107099473
974000	512.2156014478415
975000	510.3822926844873
976000	498.3812643526926
977000	504.5050388498267
978000	501.0215509580973
979000	507.7118198755196
980000	509.02290731714976
981000	520.984693584302
982000	504.8270250212168
983000	525.3385503455689
984000	526.616432963275
985000	520.2491564240323
986000	528.1086376263162
987000	511.94795044287366
988000	508.2752956754505
989000	519.3174089405718
990000	507.3767530159141
991000	532.0217758154906
992000	526.3487819583071
993000	528.4396796587748
994000	520.0428840329872
995000	515.6538100342173
996000	524.7016214502894
997000	528.7334920401662
998000	526.9112515514558
999000	515.875175527053
1000000	514.8790308093087
1001000	522.1156700113105
1002000	519.1312606852355
1003000	509.33885624782505
1004000	500.46008757173803
1005000	515.9516472427555
1006000	518.9783172538231
1007000	509.24024798283864
1008000	502.23302392795523
1009000	506.28803727390186
1010000	520.9716128960865
1011000	515.8781941474067
1012000	511.79098218432176
1013000	516.3631858180635
1014000	529.3120609418877
1015000	504.4839085073285
1016000	524.7056462774325
1017000	520.4896398457872
1018000	541.7095347472035
1019000	515.5069038435233
1020000	513.5448006116125
1021000	513.7037812837359
1022000	514.4282501693617
1023000	502.00863981476573
1024000	501.4944681473281
1025000	502.7421645614675
1026000	509.33382521389973
1027000	496.5680797250544
1028000	521.0058239267964
1029000	504.6811250373051
1030000	506.86660617561967
1031000	512.0928442199995
1032000	498.90751050155984
1033000	514.1716674390377
1034000	503.7916382388409
1035000	515.5501707353018
1036000	506.4369558781673
1037000	501.8315474204979
1038000	501.4330895334053
1039000	522.8159899340845
1040000	537.4100131523513
1041000	534.9377630801459
1042000	524.4339704453215
1043000	520.897153593952
1044000	540.6580486562548
1045000	515.6658845156468
1046000	514.3658653486568
1047000	520.0680392026248
1048000	516.4275830523436
1049000	517.516298794356
1050000	526.3709185075911
1051000	518.4430152438873
1052000	511.99423595500946
1053000	518.0194021871498
1054000	519.5800289116107
1055000	510.25349821593056
1056000	519.7229102751651
1057000	521.2996363081915
1058000	503.9194265006082
1059000	518.009340119299
1060000	517.8151422096763
1061000	514.0881522758309
1062000	517.2758153725973
1063000	523.1259016240488
1064000	523.2174664415382
1065000	517.2738029590257
1066000	536.4973835978175
1067000	518.3182456024738
1068000	529.9932629357352
1069000	522.5614196173284
1070000	519.8828971540743
1071000	530.5688132170957
1072000	516.375260299493
1073000	516.681147162314
1074000	516.8703140380042
1075000	518.7680200356349
1076000	515.3459107578283
1077000	532.4987178318647
1078000	519.5196565044773
1079000	531.6645724066049
1080000	513.5005275130445
1081000	514.304486734734
1082000	512.7056241524273
1083000	511.6702373700514
1084000	521.6538210967199
1085000	507.2700950966413
1086000	518.7690262424206
1087000	511.54949255577736
1088000	513.6987502498105
1089000	506.60901723850617
1090000	522.4467120437691
1091000	516.7465506033764
1092000	512.1673035221341
1093000	512.4269048728156
1094000	523.6903836307654
1095000	521.4998714585254
1096000	530.4782546063919
1097000	524.2790146003412
1098000	523.0061630165604
1099000	515.092346647858
1100000	523.3070188454561
1101000	532.4624943875832
1102000	525.4985372244819
1103000	519.8768599133631
1104000	529.4398492036551
1105000	535.3684195843842
1106000	529.4931781632914
1107000	526.7170536418331
1108000	531.519678629479
1109000	541.975173338596
1110000	522.6892078790994
1111000	531.7873296344469
1112000	522.3028244734327
1113000	528.9971182179946
1114000	506.75391101563207
1115000	507.9523032972782
1116000	516.4004154691307
1117000	521.7021190224309
1118000	513.4401551059112
1119000	522.0049872648945
1120000	502.158564625817
1121000	514.7009322082623
1122000	523.8513767164604
1123000	519.8979902558576
1124000	501.5830143444602
1125000	516.0985534334529
1126000	506.89176134525735
1127000	508.4996797886399
1128000	521.9898941631111
1129000	512.2880483364045
1130000	509.37608589889237
1131000	503.29054725961134
1132000	501.21373645414485
1133000	519.745046824449
1134000	513.5598937133957
1135000	519.5427992605435
1136000	510.51712439375524
1137000	508.9856776660825
1138000	512.918939990973
1139000	495.67154947908966
1140000	531.8044351498055
1141000	518.4007545588947
1142000	518.5406173020916
1143000	521.6377217881544
1144000	517.8825580643103
1145000	505.8835421460908
1146000	526.0217647529917
1147000	516.6841657826677
1148000	509.56122794744294
1149000	509.68901620921025
1150000	514.0660157265506
1151000	515.4847672942394
1152000	516.6479423383863
1153000	515.6427417595771
1154000	511.784944943607
1155000	524.4903180253153
1156000	505.2013339454575
1157000	504.0542582098798
1158000	512.1230304235662
1159000	506.42790001709875
1160000	516.1730127355875
1161000	510.8743278026447
1162000	523.0987340408358
1163000	512.6915372574298
1164000	523.386509181516
1165000	515.7353127838524
1166000	524.2578842578395
1167000	523.1228830036913
1168000	513.1875972027266
1169000	533.9134445724139
1170000	529.3744457625927
1171000	521.7172121242143
1172000	523.2104229940376
1173000	521.4334618106773
1174000	524.046580832869
1175000	507.694714360161
1176000	525.7993930533738
1177000	522.2736444766482
1178000	507.1815488995092
1179000	514.020736421197
1180000	508.13643913903934
1181000	512.7015993252841
1182000	521.940590030618
1183000	514.5852184279173
1184000	528.7324858333841
1185000	519.1694965430885
1186000	517.9872035700115
1187000	519.5599047758984
1188000	528.1428486570225
1189000	515.4465314363863
1190000	499.1942794354543
1191000	514.9172666671617
1192000	502.1796949683151
1193000	512.2508186853372
1194000	511.79701942503294
1195000	518.1230414860726
1196000	514.1575805440401
1197000	513.3999068344865
1198000	513.9643888412068
1199000	541.6079078618596
1200000	527.9476445406175
1201000	531.4492441544876
1202000	515.8560575981228
1203000	521.7051376427884
1204000	532.174719246903
1205000	517.3623491561578
1206000	519.7993819908712
1207000	532.0288192629913
1208000	512.5868917517248
1209000	531.9392668590734
1210000	514.914248046808
1211000	526.1958385268985
1212000	525.3546496541381
1213000	510.6328381741003
1214000	495.6816115469477
1215000	503.7272410045607
1216000	509.2794900474775
1217000	506.10893246606605
1218000	508.93234870644244
1219000	503.06515693963973
1220000	518.8776965752651
1221000	507.3455606055616
1222000	511.64306978683845
1223000	516.6952340573115
1224000	526.6496377871991
1225000	519.6383889051762
1226000	521.1899597685649
1227000	515.5260217724463
1228000	508.9695783575097
1229000	510.1810513273676
1230000	523.7779236211117
1231000	507.99657639584245
1232000	515.1014025089265
1233000	532.3236378511721
1234000	495.87178462941995
1235000	511.66621254290453
1236000	497.72421132170064
1237000	506.2709317585469
1238000	508.55200254149054
1239000	510.5593850787515
1240000	501.97342257727007
1241000	505.0916574058273
1242000	512.1230304235662
1243000	520.8347687732471
1244000	503.28752863925763
1245000	523.8302463739623
1246000	518.5959586752997
1247000	529.0222733876323
1248000	524.5013862999555
1249000	509.3901727938899
1250000	521.7202307445717
1251000	511.1027367429737
1252000	504.7928139905069
1253000	514.8679625346685
1254000	513.3345033934205
1255000	509.92648101061144
1256000	508.6737535625467
1257000	496.6626631628977
1258000	516.199174112011
1259000	510.66604299802435
1260000	501.6977219180158
1261000	500.71365168170473
1262000	504.7767146819341
1263000	504.7505533055106
1264000	506.2950807213988
1265000	520.8307439461075
1266000	514.9635521793012
1267000	509.4827438181652
1268000	510.3601561352034
1269000	519.2670986012928
1270000	516.061323782382
1271000	513.1060944530951
1272000	522.5734940987544
1273000	505.4106249568636
1274000	502.5620535468459
1275000	525.8849206301485
1276000	525.4019413730633
1277000	509.1647824739183
1278000	514.5761625668488
1279000	521.9677576138272
1280000	506.8092523888364
1281000	520.1535667793996
1282000	505.6249470021951
1283000	507.9160798529931
1284000	500.5828447995764
1285000	519.665556488389
1286000	488.00626618642485
1287000	499.56154491219803
1288000	519.9432695612113
1289000	505.7627973318204
1290000	508.97159077108495
1291000	502.6143762996929
1292000	503.458583792807
1293000	516.603669239822
1294000	515.8228527741986
1295000	521.424405949605
1296000	509.46966312995346
1297000	500.78207374312814
1298000	520.7703715389705
1299000	522.8481885512265
1300000	527.0913625660775
1301000	512.1894400714181
1302000	509.9174251495429
1303000	501.76111294550657
1304000	500.1652689835536
1305000	506.7569296359895
1306000	512.0707076707156
1307000	513.3284661527093
1308000	518.7972000324194
1309000	523.6732781154141
1310000	508.0841163861887
1311000	519.368725486633
1312000	516.5302161444696
1313000	511.43076015507495
1314000	522.951827850142
1315000	520.0388592058404
1316000	510.9437560708466
1317000	513.5850488830371
1318000	515.5089162570913
1319000	521.3549776813995
1320000	521.0470784050069
1321000	515.5179721181635
1322000	512.0988814607107
1323000	505.5343883914914
1324000	515.832914842053
1325000	514.374921209729
1326000	501.67357295516024
1327000	516.454750635553
1328000	513.0084923948908
1329000	516.1901182509424
1330000	507.51359713875365
1331000	517.2335546876047
1332000	496.14849149546
1333000	509.8942823934732
1334000	504.3863064491279
1335000	512.0002731957243
1336000	509.5018617470917
1337000	518.8525414056238
1338000	523.1208705901197
1339000	512.5325565853026
1340000	520.2924233158107
1341000	535.0403961722793
1342000	514.8770183957371
1343000	519.5327371926854
1344000	508.63853632505106
1345000	519.6705875223145
1346000	513.6081916391032
1347000	512.7609655256316
1348000	510.8552098737145
1349000	508.2280039565252
1350000	512.6361958842217
1351000	515.2171162892715
1352000	505.0232353444075
1353000	498.7928029280043
1354000	507.95230329727457
1355000	516.8310719733653
1356000	518.5154621324504
1357000	525.0246138284652
1358000	529.9882319018062
1359000	512.0546083621465
1360000	512.7388289763513
1361000	512.8203317259829
1362000	528.5986603308983
1363000	525.1846007073744
1364000	521.3720831967544
1365000	522.625816851605
1366000	510.9648864133484
1367000	521.8701555556265
1368000	510.8753340094305
1369000	502.68481077468425
1370000	527.1809149699953
1371000	528.817007203373
1372000	511.05946985119164
1373000	516.9296802383517
1374000	530.1965167064229
1375000	518.1250538996404
1376000	503.60649619029033
1377000	510.25148580235896
1378000	517.2466353758165
1379000	502.89108316573294
1380000	514.8729935685975
1381000	518.84952278527
1382000	507.2751261305703
1383000	516.9729471301338
1384000	509.240247982835
1385000	514.3990701725845
1386000	511.28284775759164
1387000	527.3429142624761
1388000	513.2379075420057
1389000	515.197998360345
1390000	529.0262982147755
1391000	511.68734288540634
1392000	504.9467636287014
1393000	513.1463427245161
1394000	514.0599784858395
1395000	509.7463699959899
1396000	502.3024521961608
1397000	516.2917451362863
1398000	516.7012712980227
1399000	522.2203155170117
1400000	519.2530117062917
1401000	530.8465262899178
1402000	521.8701555556229
1403000	501.508555042322
1404000	509.73932654849295
1405000	517.0745740154777
1406000	504.36215748627234
1407000	510.6096954180305
1408000	523.3724222865185
1409000	523.7155388004066
1410000	520.661701206126
1411000	524.1703442674931
1412000	522.3360292973568
1413000	524.7509255827825
1414000	535.0615265147737
1415000	524.7619938574263
1416000	518.811286927417
1417000	507.5457957558956
1418000	505.9046724885889
1419000	517.6954036021917
1420000	516.309856858427
1421000	521.0651901271476
1422000	519.5438054673292
1423000	504.0592892438088
1424000	497.8238257934729
1425000	517.4156781157942
1426000	504.6016347012415
1427000	516.6720913012418
1428000	510.13577202201395
1429000	521.9073852066939
1430000	503.0299397021441
1431000	520.1616164336859
1432000	504.0522457963082
1433000	513.1463427245161
1434000	513.0416972188112
1435000	511.40057395150825
1436000	504.02910304023845
1437000	510.54529818375033
1438000	513.3113606373544
1439000	511.484089114715
1440000	523.5756760572098
1441000	517.2275174468899
1442000	533.703147354222
1443000	515.4877859145931
1444000	525.3908730984232
1445000	508.31353153330355
1446000	506.9551523727518
1447000	499.9589965925085
1448000	506.15924280534506
1449000	511.50018842328416
1450000	490.0216983779722
1451000	509.5582093270819
1452000	503.7483713470588
1453000	507.7661550419382
1454000	498.79884016871904
1455000	518.1451780353528
1456000	490.09012043939197
1457000	510.7535829883707
1458000	499.2627014968777
1459000	514.4352936168624
1460000	507.16343717736845
1461000	520.4755529507896
1462000	515.5481583217338
1463000	530.3172615206933
1464000	519.7490716515886
1465000	520.3870067536612
1466000	524.7428759284999
1467000	519.6102151151811
1468000	510.5593850787515
1469000	516.8200036987251
1470000	508.8055666514609
1471000	510.58454024839284
1472000	509.95867962774975
1473000	512.8364310345556
1474000	516.2947637566436
1475000	514.4554177525747
1476000	503.1064114178466
1477000	521.3569900949748
1478000	512.5285317581594
1479000	508.02173156548014
1480000	510.20117546307995
1481000	509.90937549525654
1482000	511.647094613978
1483000	509.4485327874553
1484000	511.60785254933916
1485000	515.9395727613258
1486000	514.6999260014765
1487000	523.740693970048
1488000	528.0271348766811
1489000	513.8899295390722
1490000	519.5760040844675
1491000	522.5775189258975
1492000	515.2281845639153
1493000	524.5366035374548
1494000	516.1488637727319
1495000	516.2867141023573
1496000	517.988209776801
1497000	528.7355044537378
1498000	519.7762392348014
1499000	519.1161675834521
1500000	520.3618515840199
1501000	528.2474941627237
1502000	510.8974705587108
1503000	505.2918925561612
1504000	522.4980285898376
1505000	517.1168347004739
1506000	507.0587916716636
1507000	508.6677163218319
1508000	514.5892432550605
1509000	513.3234351187804
1510000	517.3854919122275
1511000	510.32594510449354
1512000	520.7069805114761
1513000	523.841314648606
1514000	514.19179157475
1515000	508.1776936172498
1516000	505.3653456515099
1517000	510.79785608693487
1518000	511.3442263715144
1519000	500.47719308708935
1520000	501.08796060594545
1521000	521.4284307767482
1522000	511.1882643197484
1523000	511.074562952975
1524000	514.9887073489389
1525000	525.2650972502239
1526000	517.8765208235991
1527000	519.5005385755471
1528000	522.5191589323322
1529000	519.7380033769484
1530000	521.8832362438383
1531000	531.0226124773963
1532000	525.6836792730288
1533000	517.0081643676294
1534000	527.0340087792978
1535000	519.8839033608601
1536000	518.0596504585781
1537000	525.4049599934172
1538000	514.1595929576117
1539000	506.0284359232167
1540000	508.80355423788933
1541000	514.576162566845
1542000	511.1419788076089
1543000	529.3221230097421
1544000	519.2067261941557
1545000	522.0110245056056
1546000	526.866978452888
1547000	521.3257976846186
1548000	511.79500701146134
1549000	508.48559289363874
1550000	498.2544822977111
1551000	503.94055684311
1552000	517.9318621968034
1553000	511.90870837823473
1554000	530.3313484156945
1555000	521.6638831645815
1556000	530.9038800766975
1557000	525.1041041645251
1558000	518.8636096802676
1559000	521.1658108057057
1560000	529.7044815882655
1561000	512.314209712828
1562000	505.36836427186734
1563000	521.4304431903198
1564000	521.2090776974878
1565000	517.1077788394053
1566000	519.0739068984558
1567000	518.4309407624614
1568000	523.6491291525549
1569000	510.5110871530405
1570000	496.33765837115016
1571000	518.3766055960392
1572000	518.8183303749139
1573000	499.7909600593165
1574000	507.3163806087771
1575000	518.4410028303157
1576000	513.3898447666321
1577000	527.6135838878015
1578000	518.7871379645615
1579000	530.0717470650093
1580000	537.4029697048544
1581000	522.7747354558741
1582000	523.2476526451048
1583000	512.8887537874026
1584000	517.7336394600449
1585000	538.1113392819149
1586000	517.1510457311874
1587000	523.4166953850827
1588000	521.1748666667779
1589000	524.4722063031745
1590000	528.400437594136
1591000	520.8518742886057
1592000	526.7502584657608
1593000	531.7007958508864
1594000	507.3304675037746
1595000	502.6123638861213
1596000	523.3382112558086
1597000	513.3425530477069
1598000	505.17517256903403
1599000	505.00814224262416
1600000	518.4611269660318
1601000	506.1481745307013
1602000	506.6160606860031
1603000	525.8849206301485
1604000	515.9818334463221
1605000	515.1497004346339
1606000	513.4975088926908
1607000	497.1094189757013
1608000	497.7594285592
1609000	514.4383122372197
1610000	490.13238112438825
1611000	515.5602328031598
1612000	516.6459299248183
1613000	510.15488995094046
1614000	521.8862548641921
1615000	509.41633417031704
1616000	495.6645060315891
1617000	504.535225053397
1618000	503.21206313033724
1619000	502.28031564687683
1620000	505.31000427830196
1621000	506.0807586760673
1622000	515.9013369034765
1623000	516.904525068714
1624000	506.4218627763876
1625000	507.4693240401894
1626000	523.8845815403881
1627000	518.2568669885546
1628000	526.0921992279793
1629000	516.242441003793
1630000	523.3925464222308
1631000	530.1301070585747
1632000	529.3211168029562
1633000	514.0982143436889
1634000	501.77620604729356
1635000	512.7780710409902
1636000	514.9534901114432
1637000	522.9508216433525
1638000	516.1227023963048
1639000	509.83894102026517
1640000	518.9491372570423
1641000	535.0474396197762
1642000	517.5253546554281
1643000	531.2570586584401
1644000	509.240247982835
1645000	520.4353046793686
1646000	506.6784455067117
1647000	525.8969951115745
1648000	519.3073468727139
1649000	507.08092822095114
1650000	515.2010169806987
1651000	518.9209634670435
1652000	506.94408409811166
1653000	523.1550816208296
1654000	522.3309982634278
1655000	505.10473809404266
1656000	512.5667676160125
1657000	516.1760313559413
1658000	510.66101196409903
1659000	518.9883793216811
1660000	506.8243454906234
1661000	518.6392255670781
1662000	517.4347960447208
1663000	522.9437781958555
1664000	518.5838841938701
1665000	510.27462855842873
1666000	513.775221965513
1667000	508.1766874104604
1668000	509.0681866224998
1669000	520.7894894678934
1670000	510.52316163447006
1671000	528.2786865730798
1672000	510.06131271987937
1673000	519.138304132736
1674000	526.3477757515213
1675000	512.39168763532
1676000	512.2890545431866
1677000	500.9984082020276
1678000	503.46361482673603
1679000	518.8263800292003
1680000	516.2152734205802
1681000	510.08244306237754
1682000	510.96488641334474
1683000	511.05846364440947
1684000	526.5600853832849
1685000	513.1101192802347
1686000	498.2041719584321
1687000	530.9149483513377
1688000	521.0551280592933
1689000	510.3048147619954
1690000	512.1260490439237
1691000	502.3225763318731
1692000	509.8178106777707
1693000	518.733809004925
1694000	508.44232600186035
1695000	516.2535092784368
1696000	508.08814121333194
1697000	518.2457987139109
1698000	517.1872691754652
1699000	532.1113282194123
1700000	534.7234410348145
1701000	537.1252566320286
1702000	520.823700498607
1703000	527.1557598003576
1704000	517.5565470657806
1705000	512.4319359067446
1706000	511.89361527644775
1707000	513.7450357619464
1708000	519.8849095676459
1709000	525.1926503616609
1710000	522.6509720212463
1711000	510.02508927560154
1712000	510.4939816376855
1713000	511.2768105168805
1714000	510.844141599078
1715000	508.1827246511752
1716000	516.2836954820035
1717000	506.10289522535123
1718000	502.6566369846855
1719000	510.07439340809475
1720000	518.666393150291
1721000	505.74669802325127
1722000	510.8803650433558
1723000	516.1881058373672
1724000	512.6663820877884
1725000	524.4893118185295
1726000	518.0516008042918
1727000	519.4351351344848
1728000	500.18338070569797
1729000	523.5837257114962
1730000	519.6886992444552
1731000	521.9868755427538
1732000	519.3395454898558
1733000	510.40141061341023
1734000	520.0901757519088
1735000	518.9682551859688
1736000	525.5951330758967
1737000	512.4480352153138
1738000	516.4185271912714
1739000	500.47719308708935
1740000	513.5739806083933
1741000	521.0460721982212
1742000	503.5964341224323
1743000	512.4379731474594
1744000	508.38799083543813
1745000	505.2969235900902
1746000	510.1156478863052
1747000	522.8210209680135
1748000	534.2625983270133
1749000	533.3700929081881
1750000	515.0832907867857
1751000	525.669592378035
1752000	515.2342218046265
1753000	522.0703907059606
1754000	527.4002680492558
1755000	517.4800753500745
1756000	513.1262185888038
1757000	513.747048175518
1758000	514.6938887607618
1759000	514.6063487704154
1760000	509.1828941960554
1761000	510.8692967687157
1762000	510.6036581773194
1763000	503.8238368559792
1764000	512.7680089731323
1765000	510.367199582704
1766000	509.6306562156485
1767000	508.5479777143474
1768000	490.70793140574506
1769000	502.8166238635984
1770000	502.26421633830404
1771000	506.47921656316356
1772000	499.59173111576473
1773000	500.5868696267196
1774000	506.67240826600056
1775000	517.0484126390504
1776000	510.4356216441237
1777000	509.2171052267689
1778000	510.28569683306887
1779000	518.7750634831318
1780000	497.28952999032657
1781000	514.8226832293185
1782000	503.6427196345718
1783000	511.1681401840361
1784000	510.10961064559046
1785000	504.2383940516446
1786000	498.0150050827383
1787000	496.47852732113654
1788000	506.1481745307049
1789000	502.3738928779379
1790000	498.3319602201994
1791000	503.53404930172735
1792000	509.8248541252676
1793000	514.5862246347031
1794000	504.8924284622828
1795000	507.6202550580265
1796000	518.9742924266836
1797000	512.0646704300008
1798000	515.7041203734999
1799000	521.5592376588767
1800000	529.018248560489
1801000	513.2550130573605
1802000	514.091170896192
1803000	514.6938887607618
1804000	520.0106854158453
1805000	515.830902428485
1806000	503.1406224485601
1807000	506.79315308027094
1808000	521.7232493649291
1809000	519.7480654448063
1810000	534.2656169473707
1811000	513.9261529833537
1812000	526.7150412282651
1813000	513.6122164662463
1814000	522.0452355363192
1815000	510.5120933598262
1816000	511.99826078215267
1817000	523.6370546711289
1818000	527.3720942592571
1819000	521.3268038914044
1820000	520.6415770704137
1821000	524.1240587553609
1822000	522.2545265477216
1823000	522.4457058369834
1824000	515.782604502774
1825000	511.2747981033089
1826000	520.0197412769138
1827000	519.5609109826842
1828000	522.8844119955043
1829000	523.0272933590622
1830000	525.225855185585
1831000	527.5079321753144
1832000	512.4007434963885
1833000	522.7465616658753
1834000	531.3818282998574
1835000	526.3900364365176
1836000	520.6264839686304
1837000	509.75441965027625
1838000	514.7381618593296
1839000	518.9048641584744
1840000	497.48473410672784
1841000	507.1433130416561
1842000	516.5926009651782
1843000	499.17516150652773
1844000	513.9050226408556
1845000	512.8867413738346
1846000	511.0011098576262
1847000	517.1651326261813
1848000	489.7802087494315
1849000	505.7537414707482
1850000	513.363683390205
1851000	497.14161759284326
1852000	528.5191699948348
1853000	507.38480267020054
1854000	519.0688758645305
1855000	505.1942904979569
1856000	503.9898609755996
1857000	514.3558032808024
1858000	514.9776390742987
1859000	505.7114807857519
1860000	496.788439011097
1861000	499.0141684208327
1862000	523.0554671490573
1863000	521.2392639010582
1864000	509.38413555317874
1865000	515.753424505993
1866000	509.49582450637695
1867000	505.76480974539203
1868000	507.315374401995
1869000	503.61555205135886
1870000	514.0006122854883
1871000	511.67627461076256
1872000	503.0389955632126
1873000	509.51695484887506
1874000	511.1862519061768
1875000	514.1223633065445
1876000	516.3501051298481
1877000	502.8840397182324
1878000	495.37169985697983
1879000	508.4332701407881
1880000	504.464790578402
1881000	508.23102257688623
1882000	508.1243646576134
1883000	516.6378802705319
1884000	525.4643261937683
1885000	517.9449428850189
1886000	508.9182618114449
1887000	516.6801409555245
1888000	515.7815982959881
1889000	518.7026165945725
1890000	503.3992175924595
1891000	513.8667867830026
1892000	498.8239953383567
1893000	511.4247229143638
1894000	518.5225055799509
1895000	516.3350120280684
1896000	510.5925899026756
1897000	514.2018536426043
1898000	512.1129683557119
1899000	522.764673388016
1900000	513.6544771512426
1901000	509.7443575824183
1902000	515.9144175916881
1903000	512.3262841942538
1904000	512.5245069310199
1905000	504.58956021981555
1906000	511.30095947973234
1907000	509.7644817181343
1908000	520.3477646890187
1909000	513.913072295142
1910000	511.3693815411558
1911000	507.3163806087808
1912000	521.5491755910186
1913000	515.2513273199814
1914000	510.5563664583941
1915000	508.46144393078686
1916000	504.35310162520017
1917000	521.9204658949056
1918000	503.0842748685663
1919000	521.4576107735328
1920000	517.614907059346
1921000	509.98182238381946
1922000	503.61756446493047
1923000	513.7893088605142
1924000	526.1505592215485
1925000	519.4703523719805
1926000	525.1886255345177
1927000	512.0274407789335
1928000	516.7093209523091
1929000	521.5582314520908
1930000	524.7891614406357
1931000	526.4544336707942
1932000	512.5194758970908
1933000	518.4621331728139
1934000	523.1973423058222
1935000	528.4658410351983
1936000	508.884050780735
1937000	519.7822764755163
1938000	509.34288107496826
1939000	506.83742617883513
1940000	506.70360067634937
1941000	502.38194253222065
1942000	524.3957345874684
1943000	516.7525878440875
1944000	510.25349821593056
1945000	509.5038741606633
1946000	527.3066908181947
1947000	516.897481621217
1948000	512.6905310506403
1949000	518.678467631717
1950000	514.6586715232623
1951000	504.7404912376563
1952000	512.2850297160471
1953000	521.5129521467408
1954000	513.0286165306031
1955000	522.7807726965852
1956000	520.3709074450884
1957000	515.6236238306506
1958000	520.0318157583434
1959000	511.0534326104768
1960000	517.1580891786843
1961000	516.3108630652129
1962000	524.0435622125079
1963000	518.0827932146442
1964000	515.9214610391888
1965000	504.8773353604958
1966000	503.97778649417364
1967000	505.35930841079517
1968000	512.2337131699823
1969000	503.4766955149478
1970000	508.48458668685294
1971000	518.6975855606435
1972000	527.5250376906694
1973000	508.90115629608994
1974000	517.9308559900177
1975000	505.4800532250692
1976000	509.5481472592312
1977000	523.3673912525894
1978000	520.216957806894
1979000	514.6355287671963
1980000	501.2791398952072
1981000	496.9091838253711
1982000	518.8797089888367
1983000	504.9638691440563
1984000	494.813255090978
1985000	517.6028325779164
1986000	513.7963523080111
1987000	513.6242909476723
1988000	518.5748283328015
1989000	508.7693432071794
1990000	508.9836652525109
1991000	509.54512863887015
1992000	515.0692038917882
1993000	499.5846876682678
1994000	501.97342257727007
1995000	502.09416739154045
1996000	514.7673418561104
1997000	500.0153441725023
1998000	516.5936071719641
1999000	513.669570253026
2000000	497.87614854632716
