1000000.0	514.8790308093087	514.8790308093087
1001000.0	522.1156700113105	522.1156700113105
1002000.0	519.1312606852355	519.1312606852355
1003000.0	509.33885624782505	509.33885624782505
1004000.0	500.46008757173803	500.46008757173803
1005000.0	515.9516472427555	515.9516472427555
1006000.0	518.9783172538231	518.9783172538231
1007000.0	509.24024798283864	509.24024798283864
1008000.0	502.23302392795523	502.23302392795523
1009000.0	506.28803727390186	506.28803727390186
1010000.0	520.9716128960865	520.9716128960865
1011000.0	515.8781941474067	515.8781941474067
1012000.0	511.79098218432176	511.79098218432176
1013000.0	516.3631858180635	516.3631858180635
1014000.0	529.3120609418877	529.3120609418877
1015000.0	504.4839085073285	504.4839085073285
1016000.0	524.7056462774325	524.7056462774325
1017000.0	520.4896398457872	520.4896398457872
1018000.0	541.7095347472035	541.7095347472035
1019000.0	515.5069038435233	515.5069038435233
1020000.0	513.5448006116125	513.5448006116125
1021000.0	513.7037812837359	513.7037812837359
1022000.0	514.4282501693617	514.4282501693617
1023000.0	502.00863981476573	502.00863981476573
1024000.0	501.4944681473281	501.4944681473281
1025000.0	502.7421645614675	502.7421645614675
1026000.0	509.33382521389973	509.33382521389973
1027000.0	496.5680797250544	496.5680797250544
1028000.0	521.0058239267964	521.0058239267964
1029000.0	504.6811250373051	504.6811250373051
1030000.0	506.86660617561967	506.86660617561967
1031000.0	512.0928442199995	512.0928442199995
1032000.0	498.90751050155984	498.90751050155984
1033000.0	514.1716674390377	514.1716674390377
1034000.0	503.7916382388409	503.7916382388409
1035000.0	515.5501707353018	515.5501707353018
1036000.0	506.4369558781673	506.4369558781673
1037000.0	501.8315474204979	501.8315474204979
1038000.0	501.4330895334053	501.4330895334053
1039000.0	522.8159899340845	522.8159899340845
1040000.0	537.4100131523513	537.4100131523513
1041000.0	534.9377630801459	534.9377630801459
1042000.0	524.4339704453215	524.4339704453215
1043000.0	520.897153593952	520.897153593952
1044000.0	540.6580486562548	540.6580486562548
1045000.0	515.6658845156468	515.6658845156468
1046000.0	514.3658653486568	514.3658653486568
1047000.0	520.0680392026248	520.0680392026248
1048000.0	516.4275830523436	516.4275830523436
1049000.0	517.516298794356	517.516298794356
1050000.0	526.3709185075911	526.3709185075911
1051000.0	518.4430152438873	518.4430152438873
1052000.0	511.99423595500946	511.99423595500946
1053000.0	518.0194021871498	518.0194021871498
1054000.0	519.5800289116107	519.5800289116107
1055000.0	510.25349821593056	510.25349821593056
1056000.0	519.7229102751651	519.7229102751651
1057000.0	521.2996363081915	521.2996363081915
1058000.0	503.9194265006082	503.9194265006082
1059000.0	518.009340119299	518.009340119299
1060000.0	517.8151422096763	517.8151422096763
1061000.0	514.0881522758309	514.0881522758309
1062000.0	517.2758153725973	517.2758153725973
1063000.0	523.1259016240488	523.1259016240488
1064000.0	523.2174664415382	523.2174664415382
1065000.0	517.2738029590257	517.2738029590257
1066000.0	536.4973835978175	536.4973835978175
1067000.0	518.3182456024738	518.3182456024738
1068000.0	529.9932629357352	529.9932629357352
1069000.0	522.5614196173284	522.5614196173284
1070000.0	519.8828971540743	519.8828971540743
1071000.0	530.5688132170957	530.5688132170957
1072000.0	516.375260299493	516.375260299493
1073000.0	516.681147162314	516.681147162314
1074000.0	516.8703140380042	516.8703140380042
1075000.0	518.7680200356349	518.7680200356349
1076000.0	515.3459107578283	515.3459107578283
1077000.0	532.4987178318647	532.4987178318647
1078000.0	519.5196565044773	519.5196565044773
1079000.0	531.6645724066049	531.6645724066049
1080000.0	513.5005275130445	513.5005275130445
1081000.0	514.304486734734	514.304486734734
1082000.0	512.7056241524273	512.7056241524273
1083000.0	511.6702373700514	511.6702373700514
1084000.0	521.6538210967199	521.6538210967199
1085000.0	507.2700950966413	507.2700950966413
1086000.0	518.7690262424206	518.7690262424206
1087000.0	511.54949255577736	511.54949255577736
1088000.0	513.6987502498105	513.6987502498105
1089000.0	506.60901723850617	506.60901723850617
1090000.0	522.4467120437691	522.4467120437691
1091000.0	516.7465506033764	516.7465506033764
1092000.0	512.1673035221341	512.1673035221341
1093000.0	512.4269048728156	512.4269048728156
1094000.0	523.6903836307654	523.6903836307654
1095000.0	521.4998714585254	521.4998714585254
1096000.0	530.4782546063919	530.4782546063919
1097000.0	524.2790146003412	524.2790146003412
1098000.0	523.0061630165604	523.0061630165604
1099000.0	515.092346647858	515.092346647858
1100000.0	523.3070188454561	523.3070188454561
1101000.0	532.4624943875832	532.4624943875832
1102000.0	525.4985372244819	525.4985372244819
1103000.0	519.8768599133631	519.8768599133631
1104000.0	529.4398492036551	529.4398492036551
1105000.0	535.3684195843842	535.3684195843842
1106000.0	529.4931781632914	529.4931781632914
1107000.0	526.7170536418331	526.7170536418331
1108000.0	531.519678629479	531.519678629479
1109000.0	541.975173338596	541.975173338596
1110000.0	522.6892078790994	522.6892078790994
1111000.0	531.7873296344469	531.7873296344469
1112000.0	522.3028244734327	522.3028244734327
1113000.0	528.9971182179946	528.9971182179946
1114000.0	506.75391101563207	506.75391101563207
1115000.0	507.9523032972782	507.9523032972782
1116000.0	516.4004154691307	516.4004154691307
1117000.0	521.7021190224309	521.7021190224309
1118000.0	513.4401551059112	513.4401551059112
1119000.0	522.0049872648945	522.0049872648945
1120000.0	502.158564625817	502.158564625817
1121000.0	514.7009322082623	514.7009322082623
1122000.0	523.8513767164604	523.8513767164604
1123000.0	519.8979902558576	519.8979902558576
1124000.0	501.5830143444602	501.5830143444602
1125000.0	516.0985534334529	516.0985534334529
1126000.0	506.89176134525735	506.89176134525735
1127000.0	508.4996797886399	508.4996797886399
1128000.0	521.9898941631111	521.9898941631111
1129000.0	512.2880483364045	512.2880483364045
1130000.0	509.37608589889237	509.37608589889237
1131000.0	503.29054725961134	503.29054725961134
1132000.0	501.21373645414485	501.21373645414485
1133000.0	519.745046824449	519.745046824449
1134000.0	513.5598937133957	513.5598937133957
1135000.0	519.5427992605435	519.5427992605435
1136000.0	510.51712439375524	510.51712439375524
1137000.0	508.9856776660825	508.9856776660825
1138000.0	512.918939990973	512.918939990973
1139000.0	495.67154947908966	495.67154947908966
1140000.0	531.8044351498055	531.8044351498055
1141000.0	518.4007545588947	518.4007545588947
1142000.0	518.5406173020916	518.5406173020916
1143000.0	521.6377217881544	521.6377217881544
1144000.0	517.8825580643103	517.8825580643103
1145000.0	505.8835421460908	505.8835421460908
1146000.0	526.0217647529917	526.0217647529917
1147000.0	516.6841657826677	516.6841657826677
1148000.0	509.56122794744294	509.56122794744294
1149000.0	509.68901620921025	509.68901620921025
1150000.0	514.0660157265506	514.0660157265506
1151000.0	515.4847672942394	515.4847672942394
1152000.0	516.6479423383863	516.6479423383863
1153000.0	515.6427417595771	515.6427417595771
1154000.0	511.784944943607	511.784944943607
1155000.0	524.4903180253153	524.4903180253153
1156000.0	505.2013339454575	505.2013339454575
1157000.0	504.0542582098798	504.0542582098798
1158000.0	512.1230304235662	512.1230304235662
1159000.0	506.42790001709875	506.42790001709875
1160000.0	516.1730127355875	516.1730127355875
1161000.0	510.8743278026447	510.8743278026447
1162000.0	523.0987340408358	523.0987340408358
1163000.0	512.6915372574298	512.6915372574298
1164000.0	523.386509181516	523.386509181516
1165000.0	515.7353127838524	515.7353127838524
1166000.0	524.2578842578395	524.2578842578395
1167000.0	523.1228830036913	523.1228830036913
1168000.0	513.1875972027266	513.1875972027266
1169000.0	533.9134445724139	533.9134445724139
1170000.0	529.3744457625927	529.3744457625927
1171000.0	521.7172121242143	521.7172121242143
1172000.0	523.2104229940376	523.2104229940376
1173000.0	521.4334618106773	521.4334618106773
1174000.0	524.046580832869	524.046580832869
1175000.0	507.694714360161	507.694714360161
1176000.0	525.7993930533738	525.7993930533738
1177000.0	522.2736444766482	522.2736444766482
1178000.0	507.1815488995092	507.1815488995092
1179000.0	514.020736421197	514.020736421197
1180000.0	508.13643913903934	508.13643913903934
1181000.0	512.7015993252841	512.7015993252841
1182000.0	521.940590030618	521.940590030618
1183000.0	514.5852184279173	514.5852184279173
1184000.0	528.7324858333841	528.7324858333841
1185000.0	519.1694965430885	519.1694965430885
1186000.0	517.9872035700115	517.9872035700115
1187000.0	519.5599047758984	519.5599047758984
1188000.0	528.1428486570225	528.1428486570225
1189000.0	515.4465314363863	515.4465314363863
1190000.0	499.1942794354543	499.1942794354543
1191000.0	514.9172666671617	514.9172666671617
1192000.0	502.1796949683151	502.1796949683151
1193000.0	512.2508186853372	512.2508186853372
1194000.0	511.79701942503294	511.79701942503294
1195000.0	518.1230414860726	518.1230414860726
1196000.0	514.1575805440401	514.1575805440401
1197000.0	513.3999068344865	513.3999068344865
1198000.0	513.9643888412068	513.9643888412068
1199000.0	541.6079078618596	541.6079078618596
1200000.0	527.9476445406175	527.9476445406175
1201000.0	531.4492441544876	531.4492441544876
1202000.0	515.8560575981228	515.8560575981228
1203000.0	521.7051376427884	521.7051376427884
1204000.0	532.174719246903	532.174719246903
1205000.0	517.3623491561578	517.3623491561578
1206000.0	519.7993819908712	519.7993819908712
1207000.0	532.0288192629913	532.0288192629913
1208000.0	512.5868917517248	512.5868917517248
1209000.0	531.9392668590734	531.9392668590734
1210000.0	514.914248046808	514.914248046808
1211000.0	526.1958385268985	526.1958385268985
1212000.0	525.3546496541381	525.3546496541381
1213000.0	510.6328381741003	510.6328381741003
1214000.0	495.6816115469477	495.6816115469477
1215000.0	503.7272410045607	503.7272410045607
1216000.0	509.2794900474775	509.2794900474775
1217000.0	506.10893246606605	506.10893246606605
1218000.0	508.93234870644244	508.93234870644244
1219000.0	503.06515693963973	503.06515693963973
1220000.0	518.8776965752651	518.8776965752651
1221000.0	507.3455606055616	507.3455606055616
1222000.0	511.64306978683845	511.64306978683845
1223000.0	516.6952340573115	516.6952340573115
1224000.0	526.6496377871991	526.6496377871991
1225000.0	519.6383889051762	519.6383889051762
1226000.0	521.1899597685649	521.1899597685649
1227000.0	515.5260217724463	515.5260217724463
1228000.0	508.9695783575097	508.9695783575097
1229000.0	510.1810513273676	510.1810513273676
1230000.0	523.7779236211117	523.7779236211117
1231000.0	507.99657639584245	507.99657639584245
1232000.0	515.1014025089265	515.1014025089265
1233000.0	532.3236378511721	532.3236378511721
1234000.0	495.87178462941995	495.87178462941995
1235000.0	511.66621254290453	511.66621254290453
1236000.0	497.72421132170064	497.72421132170064
1237000.0	506.2709317585469	506.2709317585469
1238000.0	508.55200254149054	508.55200254149054
1239000.0	510.5593850787515	510.5593850787515
1240000.0	501.97342257727007	501.97342257727007
1241000.0	505.0916574058273	505.0916574058273
1242000.0	512.1230304235662	512.1230304235662
1243000.0	520.8347687732471	520.8347687732471
1244000.0	503.28752863925763	503.28752863925763
1245000.0	523.8302463739623	523.8302463739623
1246000.0	518.5959586752997	518.5959586752997
1247000.0	529.0222733876323	529.0222733876323
1248000.0	524.5013862999555	524.5013862999555
1249000.0	509.3901727938899	509.3901727938899
1250000.0	521.7202307445717	521.7202307445717
1251000.0	511.1027367429737	511.1027367429737
1252000.0	504.7928139905069	504.7928139905069
1253000.0	514.8679625346685	514.8679625346685
1254000.0	513.3345033934205	513.3345033934205
1255000.0	509.92648101061144	509.92648101061144
1256000.0	508.6737535625467	508.6737535625467
1257000.0	496.6626631628977	496.6626631628977
1258000.0	516.199174112011	516.199174112011
1259000.0	510.66604299802435	510.66604299802435
1260000.0	501.6977219180158	501.6977219180158
1261000.0	500.71365168170473	500.71365168170473
1262000.0	504.7767146819341	504.7767146819341
1263000.0	504.7505533055106	504.7505533055106
1264000.0	506.2950807213988	506.2950807213988
1265000.0	520.8307439461075	520.8307439461075
1266000.0	514.9635521793012	514.9635521793012
1267000.0	509.4827438181652	509.4827438181652
1268000.0	510.3601561352034	510.3601561352034
1269000.0	519.2670986012928	519.2670986012928
1270000.0	516.061323782382	516.061323782382
1271000.0	513.1060944530951	513.1060944530951
1272000.0	522.5734940987544	522.5734940987544
1273000.0	505.4106249568636	505.4106249568636
1274000.0	502.5620535468459	502.5620535468459
1275000.0	525.8849206301485	525.8849206301485
1276000.0	525.4019413730633	525.4019413730633
1277000.0	509.1647824739183	509.1647824739183
1278000.0	514.5761625668488	514.5761625668488
1279000.0	521.9677576138272	521.9677576138272
1280000.0	506.8092523888364	506.8092523888364
1281000.0	520.1535667793996	520.1535667793996
1282000.0	505.6249470021951	505.6249470021951
1283000.0	507.9160798529931	507.9160798529931
1284000.0	500.5828447995764	500.5828447995764
1285000.0	519.665556488389	519.665556488389
1286000.0	488.00626618642485	488.00626618642485
1287000.0	499.56154491219803	499.56154491219803
1288000.0	519.9432695612113	519.9432695612113
1289000.0	505.7627973318204	505.7627973318204
1290000.0	508.97159077108495	508.97159077108495
1291000.0	502.6143762996929	502.6143762996929
1292000.0	503.458583792807	503.458583792807
1293000.0	516.603669239822	516.603669239822
1294000.0	515.8228527741986	515.8228527741986
1295000.0	521.424405949605	521.424405949605
1296000.0	509.46966312995346	509.46966312995346
1297000.0	500.78207374312814	500.78207374312814
1298000.0	520.7703715389705	520.7703715389705
1299000.0	522.8481885512265	522.8481885512265
1300000.0	527.0913625660775	527.0913625660775
1301000.0	512.1894400714181	512.1894400714181
1302000.0	509.9174251495429	509.9174251495429
1303000.0	501.76111294550657	501.76111294550657
1304000.0	500.1652689835536	500.1652689835536
1305000.0	506.7569296359895	506.7569296359895
1306000.0	512.0707076707156	512.0707076707156
1307000.0	513.3284661527093	513.3284661527093
1308000.0	518.7972000324194	518.7972000324194
1309000.0	523.6732781154141	523.6732781154141
1310000.0	508.0841163861887	508.0841163861887
1311000.0	519.368725486633	519.368725486633
1312000.0	516.5302161444696	516.5302161444696
1313000.0	511.43076015507495	511.43076015507495
1314000.0	522.951827850142	522.951827850142
1315000.0	520.0388592058404	520.0388592058404
1316000.0	510.9437560708466	510.9437560708466
1317000.0	513.5850488830371	513.5850488830371
1318000.0	515.5089162570913	515.5089162570913
1319000.0	521.3549776813995	521.3549776813995
1320000.0	521.0470784050069	521.0470784050069
1321000.0	515.5179721181635	515.5179721181635
1322000.0	512.0988814607107	512.0988814607107
1323000.0	505.5343883914914	505.5343883914914
1324000.0	515.832914842053	515.832914842053
1325000.0	514.374921209729	514.374921209729
1326000.0	501.67357295516024	501.67357295516024
1327000.0	516.454750635553	516.454750635553
1328000.0	513.0084923948908	513.0084923948908
1329000.0	516.1901182509424	516.1901182509424
1330000.0	507.51359713875365	507.51359713875365
1331000.0	517.2335546876047	517.2335546876047
1332000.0	496.14849149546	496.14849149546
1333000.0	509.8942823934732	509.8942823934732
1334000.0	504.3863064491279	504.3863064491279
1335000.0	512.0002731957243	512.0002731957243
1336000.0	509.5018617470917	509.5018617470917
1337000.0	518.8525414056238	518.8525414056238
1338000.0	523.1208705901197	523.1208705901197
1339000.0	512.5325565853026	512.5325565853026
1340000.0	520.2924233158107	520.2924233158107
1341000.0	535.0403961722793	535.0403961722793
1342000.0	514.8770183957371	514.8770183957371
1343000.0	519.5327371926854	519.5327371926854
1344000.0	508.63853632505106	508.63853632505106
1345000.0	519.6705875223145	519.6705875223145
1346000.0	513.6081916391032	513.6081916391032
1347000.0	512.7609655256316	512.7609655256316
1348000.0	510.8552098737145	510.8552098737145
1349000.0	508.2280039565252	508.2280039565252
1350000.0	512.6361958842217	512.6361958842217
1351000.0	515.2171162892715	515.2171162892715
1352000.0	505.0232353444075	505.0232353444075
1353000.0	498.7928029280043	498.7928029280043
1354000.0	507.95230329727457	507.95230329727457
1355000.0	516.8310719733653	516.8310719733653
1356000.0	518.5154621324504	518.5154621324504
1357000.0	525.0246138284652	525.0246138284652
1358000.0	529.9882319018062	529.9882319018062
1359000.0	512.0546083621465	512.0546083621465
1360000.0	512.7388289763513	512.7388289763513
1361000.0	512.8203317259829	512.8203317259829
1362000.0	528.5986603308983	528.5986603308983
1363000.0	525.1846007073744	525.1846007073744
1364000.0	521.3720831967544	521.3720831967544
1365000.0	522.625816851605	522.625816851605
1366000.0	510.9648864133484	510.9648864133484
1367000.0	521.8701555556265	521.8701555556265
1368000.0	510.8753340094305	510.8753340094305
1369000.0	502.68481077468425	502.68481077468425
1370000.0	527.1809149699953	527.1809149699953
1371000.0	528.817007203373	528.817007203373
1372000.0	511.05946985119164	511.05946985119164
1373000.0	516.9296802383517	516.9296802383517
1374000.0	530.1965167064229	530.1965167064229
1375000.0	518.1250538996404	518.1250538996404
1376000.0	503.60649619029033	503.60649619029033
1377000.0	510.25148580235896	510.25148580235896
1378000.0	517.2466353758165	517.2466353758165
1379000.0	502.89108316573294	502.89108316573294
1380000.0	514.8729935685975	514.8729935685975
1381000.0	518.84952278527	518.84952278527
1382000.0	507.2751261305703	507.2751261305703
1383000.0	516.9729471301338	516.9729471301338
1384000.0	509.240247982835	509.240247982835
1385000.0	514.3990701725845	514.3990701725845
1386000.0	511.28284775759164	511.28284775759164
1387000.0	527.3429142624761	527.3429142624761
1388000.0	513.2379075420057	513.2379075420057
1389000.0	515.197998360345	515.197998360345
1390000.0	529.0262982147755	529.0262982147755
1391000.0	511.68734288540634	511.68734288540634
1392000.0	504.9467636287014	504.9467636287014
1393000.0	513.1463427245161	513.1463427245161
1394000.0	514.0599784858395	514.0599784858395
1395000.0	509.7463699959899	509.7463699959899
1396000.0	502.3024521961608	502.3024521961608
1397000.0	516.2917451362863	516.2917451362863
1398000.0	516.7012712980227	516.7012712980227
1399000.0	522.2203155170117	522.2203155170117
1400000.0	519.2530117062917	519.2530117062917
1401000.0	530.8465262899178	530.8465262899178
1402000.0	521.8701555556229	521.8701555556229
1403000.0	501.508555042322	501.508555042322
1404000.0	509.73932654849295	509.73932654849295
1405000.0	517.0745740154777	517.0745740154777
1406000.0	504.36215748627234	504.36215748627234
1407000.0	510.6096954180305	510.6096954180305
1408000.0	523.3724222865185	523.3724222865185
1409000.0	523.7155388004066	523.7155388004066
1410000.0	520.661701206126	520.661701206126
1411000.0	524.1703442674931	524.1703442674931
1412000.0	522.3360292973568	522.3360292973568
1413000.0	524.7509255827825	524.7509255827825
1414000.0	535.0615265147737	535.0615265147737
1415000.0	524.7619938574263	524.7619938574263
1416000.0	518.811286927417	518.811286927417
1417000.0	507.5457957558956	507.5457957558956
1418000.0	505.9046724885889	505.9046724885889
1419000.0	517.6954036021917	517.6954036021917
1420000.0	516.309856858427	516.309856858427
1421000.0	521.0651901271476	521.0651901271476
1422000.0	519.5438054673292	519.5438054673292
1423000.0	504.0592892438088	504.0592892438088
1424000.0	497.8238257934729	497.8238257934729
1425000.0	517.4156781157942	517.4156781157942
1426000.0	504.6016347012415	504.6016347012415
1427000.0	516.6720913012418	516.6720913012418
1428000.0	510.13577202201395	510.13577202201395
1429000.0	521.9073852066939	521.9073852066939
1430000.0	503.0299397021441	503.0299397021441
1431000.0	520.1616164336859	520.1616164336859
1432000.0	504.0522457963082	504.0522457963082
1433000.0	513.1463427245161	513.1463427245161
1434000.0	513.0416972188112	513.0416972188112
1435000.0	511.40057395150825	511.40057395150825
1436000.0	504.02910304023845	504.02910304023845
1437000.0	510.54529818375033	510.54529818375033
1438000.0	513.3113606373544	513.3113606373544
1439000.0	511.484089114715	511.484089114715
1440000.0	523.5756760572098	523.5756760572098
1441000.0	517.2275174468899	517.2275174468899
1442000.0	533.703147354222	533.703147354222
1443000.0	515.4877859145931	515.4877859145931
1444000.0	525.3908730984232	525.3908730984232
1445000.0	508.31353153330355	508.31353153330355
1446000.0	506.9551523727518	506.9551523727518
1447000.0	499.9589965925085	499.9589965925085
1448000.0	506.15924280534506	506.15924280534506
1449000.0	511.50018842328416	511.50018842328416
1450000.0	490.0216983779722	490.0216983779722
1451000.0	509.5582093270819	509.5582093270819
1452000.0	503.7483713470588	503.7483713470588
1453000.0	507.7661550419382	507.7661550419382
1454000.0	498.79884016871904	498.79884016871904
1455000.0	518.1451780353528	518.1451780353528
1456000.0	490.09012043939197	490.09012043939197
1457000.0	510.7535829883707	510.7535829883707
1458000.0	499.2627014968777	499.2627014968777
1459000.0	514.4352936168624	514.4352936168624
1460000.0	507.16343717736845	507.16343717736845
1461000.0	520.4755529507896	520.4755529507896
1462000.0	515.5481583217338	515.5481583217338
1463000.0	530.3172615206933	530.3172615206933
1464000.0	519.7490716515886	519.7490716515886
1465000.0	520.3870067536612	520.3870067536612
1466000.0	524.7428759284999	524.7428759284999
1467000.0	519.6102151151811	519.6102151151811
1468000.0	510.5593850787515	510.5593850787515
1469000.0	516.8200036987251	516.8200036987251
1470000.0	508.8055666514609	508.8055666514609
1471000.0	510.58454024839284	510.58454024839284
1472000.0	509.95867962774975	509.95867962774975
1473000.0	512.8364310345556	512.8364310345556
1474000.0	516.2947637566436	516.2947637566436
1475000.0	514.4554177525747	514.4554177525747
1476000.0	503.1064114178466	503.1064114178466
1477000.0	521.3569900949748	521.3569900949748
1478000.0	512.5285317581594	512.5285317581594
1479000.0	508.02173156548014	508.02173156548014
1480000.0	510.20117546307995	510.20117546307995
1481000.0	509.90937549525654	509.90937549525654
1482000.0	511.647094613978	511.647094613978
1483000.0	509.4485327874553	509.4485327874553
1484000.0	511.60785254933916	511.60785254933916
1485000.0	515.9395727613258	515.9395727613258
1486000.0	514.6999260014765	514.6999260014765
1487000.0	523.740693970048	523.740693970048
1488000.0	528.0271348766811	528.0271348766811
1489000.0	513.8899295390722	513.8899295390722
1490000.0	519.5760040844675	519.5760040844675
1491000.0	522.5775189258975	522.5775189258975
1492000.0	515.2281845639153	515.2281845639153
1493000.0	524.5366035374548	524.5366035374548
1494000.0	516.1488637727319	516.1488637727319
1495000.0	516.2867141023573	516.2867141023573
1496000.0	517.988209776801	517.988209776801
1497000.0	528.7355044537378	528.7355044537378
1498000.0	519.7762392348014	519.7762392348014
1499000.0	519.1161675834521	519.1161675834521
1500000.0	520.3618515840199	520.3618515840199
1501000.0	528.2474941627237	528.2474941627237
1502000.0	510.8974705587108	510.8974705587108
1503000.0	505.2918925561612	505.2918925561612
1504000.0	522.4980285898376	522.4980285898376
1505000.0	517.1168347004739	517.1168347004739
1506000.0	507.0587916716636	507.0587916716636
1507000.0	508.6677163218319	508.6677163218319
1508000.0	514.5892432550605	514.5892432550605
1509000.0	513.3234351187804	513.3234351187804
1510000.0	517.3854919122275	517.3854919122275
1511000.0	510.32594510449354	510.32594510449354
1512000.0	520.7069805114761	520.7069805114761
1513000.0	523.841314648606	523.841314648606
1514000.0	514.19179157475	514.19179157475
1515000.0	508.1776936172498	508.1776936172498
1516000.0	505.3653456515099	505.3653456515099
1517000.0	510.79785608693487	510.79785608693487
1518000.0	511.3442263715144	511.3442263715144
1519000.0	500.47719308708935	500.47719308708935
1520000.0	501.08796060594545	501.08796060594545
1521000.0	521.4284307767482	521.4284307767482
1522000.0	511.1882643197484	511.1882643197484
1523000.0	511.074562952975	511.074562952975
1524000.0	514.9887073489389	514.9887073489389
1525000.0	525.2650972502239	525.2650972502239
1526000.0	517.8765208235991	517.8765208235991
1527000.0	519.5005385755471	519.5005385755471
1528000.0	522.5191589323322	522.5191589323322
1529000.0	519.7380033769484	519.7380033769484
1530000.0	521.8832362438383	521.8832362438383
1531000.0	531.0226124773963	531.0226124773963
1532000.0	525.6836792730288	525.6836792730288
1533000.0	517.0081643676294	517.0081643676294
1534000.0	527.0340087792978	527.0340087792978
1535000.0	519.8839033608601	519.8839033608601
1536000.0	518.0596504585781	518.0596504585781
1537000.0	525.4049599934172	525.4049599934172
1538000.0	514.1595929576117	514.1595929576117
1539000.0	506.0284359232167	506.0284359232167
1540000.0	508.80355423788933	508.80355423788933
1541000.0	514.576162566845	514.576162566845
1542000.0	511.1419788076089	511.1419788076089
1543000.0	529.3221230097421	529.3221230097421
1544000.0	519.2067261941557	519.2067261941557
1545000.0	522.0110245056056	522.0110245056056
1546000.0	526.866978452888	526.866978452888
1547000.0	521.3257976846186	521.3257976846186
1548000.0	511.79500701146134	511.79500701146134
1549000.0	508.48559289363874	508.48559289363874
1550000.0	498.2544822977111	498.2544822977111
1551000.0	503.94055684311	503.94055684311
1552000.0	517.9318621968034	517.9318621968034
1553000.0	511.90870837823473	511.90870837823473
1554000.0	530.3313484156945	530.3313484156945
1555000.0	521.6638831645815	521.6638831645815
1556000.0	530.9038800766975	530.9038800766975
1557000.0	525.1041041645251	525.1041041645251
1558000.0	518.8636096802676	518.8636096802676
1559000.0	521.1658108057057	521.1658108057057
1560000.0	529.7044815882655	529.7044815882655
1561000.0	512.314209712828	512.314209712828
1562000.0	505.36836427186734	505.36836427186734
1563000.0	521.4304431903198	521.4304431903198
1564000.0	521.2090776974878	521.2090776974878
1565000.0	517.1077788394053	517.1077788394053
1566000.0	519.0739068984558	519.0739068984558
1567000.0	518.4309407624614	518.4309407624614
1568000.0	523.6491291525549	523.6491291525549
1569000.0	510.5110871530405	510.5110871530405
1570000.0	496.33765837115016	496.33765837115016
1571000.0	518.3766055960392	518.3766055960392
1572000.0	518.8183303749139	518.8183303749139
1573000.0	499.7909600593165	499.7909600593165
1574000.0	507.3163806087771	507.3163806087771
1575000.0	518.4410028303157	518.4410028303157
1576000.0	513.3898447666321	513.3898447666321
1577000.0	527.6135838878015	527.6135838878015
1578000.0	518.7871379645615	518.7871379645615
1579000.0	530.0717470650093	530.0717470650093
1580000.0	537.4029697048544	537.4029697048544
1581000.0	522.7747354558741	522.7747354558741
1582000.0	523.2476526451048	523.2476526451048
1583000.0	512.8887537874026	512.8887537874026
1584000.0	517.7336394600449	517.7336394600449
1585000.0	538.1113392819149	538.1113392819149
1586000.0	517.1510457311874	517.1510457311874
1587000.0	523.4166953850827	523.4166953850827
1588000.0	521.1748666667779	521.1748666667779
1589000.0	524.4722063031745	524.4722063031745
1590000.0	528.400437594136	528.400437594136
1591000.0	520.8518742886057	520.8518742886057
1592000.0	526.7502584657608	526.7502584657608
1593000.0	531.7007958508864	531.7007958508864
1594000.0	507.3304675037746	507.3304675037746
1595000.0	502.6123638861213	502.6123638861213
1596000.0	523.3382112558086	523.3382112558086
1597000.0	513.3425530477069	513.3425530477069
1598000.0	505.17517256903403	505.17517256903403
1599000.0	505.00814224262416	505.00814224262416
1600000.0	518.4611269660318	518.4611269660318
1601000.0	506.1481745307013	506.1481745307013
1602000.0	506.6160606860031	506.6160606860031
1603000.0	525.8849206301485	525.8849206301485
1604000.0	515.9818334463221	515.9818334463221
1605000.0	515.1497004346339	515.1497004346339
1606000.0	513.4975088926908	513.4975088926908
1607000.0	497.1094189757013	497.1094189757013
1608000.0	497.7594285592	497.7594285592
1609000.0	514.4383122372197	514.4383122372197
1610000.0	490.13238112438825	490.13238112438825
1611000.0	515.5602328031598	515.5602328031598
1612000.0	516.6459299248183	516.6459299248183
1613000.0	510.15488995094046	510.15488995094046
1614000.0	521.8862548641921	521.8862548641921
1615000.0	509.41633417031704	509.41633417031704
1616000.0	495.6645060315891	495.6645060315891
1617000.0	504.535225053397	504.535225053397
1618000.0	503.21206313033724	503.21206313033724
1619000.0	502.28031564687683	502.28031564687683
1620000.0	505.31000427830196	505.31000427830196
1621000.0	506.0807586760673	506.0807586760673
1622000.0	515.9013369034765	515.9013369034765
1623000.0	516.904525068714	516.904525068714
1624000.0	506.4218627763876	506.4218627763876
1625000.0	507.4693240401894	507.4693240401894
1626000.0	523.8845815403881	523.8845815403881
1627000.0	518.2568669885546	518.2568669885546
1628000.0	526.0921992279793	526.0921992279793
1629000.0	516.242441003793	516.242441003793
1630000.0	523.3925464222308	523.3925464222308
1631000.0	530.1301070585747	530.1301070585747
1632000.0	529.3211168029562	529.3211168029562
1633000.0	514.0982143436889	514.0982143436889
1634000.0	501.77620604729356	501.77620604729356
1635000.0	512.7780710409902	512.7780710409902
1636000.0	514.9534901114432	514.9534901114432
1637000.0	522.9508216433525	522.9508216433525
1638000.0	516.1227023963048	516.1227023963048
1639000.0	509.83894102026517	509.83894102026517
1640000.0	518.9491372570423	518.9491372570423
1641000.0	535.0474396197762	535.0474396197762
1642000.0	517.5253546554281	517.5253546554281
1643000.0	531.2570586584401	531.2570586584401
1644000.0	509.240247982835	509.240247982835
1645000.0	520.4353046793686	520.4353046793686
1646000.0	506.6784455067117	506.6784455067117
1647000.0	525.8969951115745	525.8969951115745
1648000.0	519.3073468727139	519.3073468727139
1649000.0	507.08092822095114	507.08092822095114
1650000.0	515.2010169806987	515.2010169806987
1651000.0	518.9209634670435	518.9209634670435
1652000.0	506.94408409811166	506.94408409811166
1653000.0	523.1550816208296	523.1550816208296
1654000.0	522.3309982634278	522.3309982634278
1655000.0	505.10473809404266	505.10473809404266
1656000.0	512.5667676160125	512.5667676160125
1657000.0	516.1760313559413	516.1760313559413
1658000.0	510.66101196409903	510.66101196409903
1659000.0	518.9883793216811	518.9883793216811
1660000.0	506.8243454906234	506.8243454906234
1661000.0	518.6392255670781	518.6392255670781
1662000.0	517.4347960447208	517.4347960447208
1663000.0	522.9437781958555	522.9437781958555
1664000.0	518.5838841938701	518.5838841938701
1665000.0	510.27462855842873	510.27462855842873
1666000.0	513.775221965513	513.775221965513
1667000.0	508.1766874104604	508.1766874104604
1668000.0	509.0681866224998	509.0681866224998
1669000.0	520.7894894678934	520.7894894678934
1670000.0	510.52316163447006	510.52316163447006
1671000.0	528.2786865730798	528.2786865730798
1672000.0	510.06131271987937	510.06131271987937
1673000.0	519.138304132736	519.138304132736
1674000.0	526.3477757515213	526.3477757515213
1675000.0	512.39168763532	512.39168763532
1676000.0	512.2890545431866	512.2890545431866
1677000.0	500.9984082020276	500.9984082020276
1678000.0	503.46361482673603	503.46361482673603
1679000.0	518.8263800292003	518.8263800292003
1680000.0	516.2152734205802	516.2152734205802
1681000.0	510.08244306237754	510.08244306237754
1682000.0	510.96488641334474	510.96488641334474
1683000.0	511.05846364440947	511.05846364440947
1684000.0	526.5600853832849	526.5600853832849
1685000.0	513.1101192802347	513.1101192802347
1686000.0	498.2041719584321	498.2041719584321
1687000.0	530.9149483513377	530.9149483513377
1688000.0	521.0551280592933	521.0551280592933
1689000.0	510.3048147619954	510.3048147619954
1690000.0	512.1260490439237	512.1260490439237
1691000.0	502.3225763318731	502.3225763318731
1692000.0	509.8178106777707	509.8178106777707
1693000.0	518.733809004925	518.733809004925
1694000.0	508.44232600186035	508.44232600186035
1695000.0	516.2535092784368	516.2535092784368
1696000.0	508.08814121333194	508.08814121333194
1697000.0	518.2457987139109	518.2457987139109
1698000.0	517.1872691754652	517.1872691754652
1699000.0	532.1113282194123	532.1113282194123
1700000.0	534.7234410348145	534.7234410348145
1701000.0	537.1252566320286	537.1252566320286
1702000.0	520.823700498607	520.823700498607
1703000.0	527.1557598003576	527.1557598003576
1704000.0	517.5565470657806	517.5565470657806
1705000.0	512.4319359067446	512.4319359067446
1706000.0	511.89361527644775	511.89361527644775
1707000.0	513.7450357619464	513.7450357619464
1708000.0	519.8849095676459	519.8849095676459
1709000.0	525.1926503616609	525.1926503616609
1710000.0	522.6509720212463	522.6509720212463
1711000.0	510.02508927560154	510.02508927560154
1712000.0	510.4939816376855	510.4939816376855
1713000.0	511.2768105168805	511.2768105168805
1714000.0	510.844141599078	510.844141599078
1715000.0	508.1827246511752	508.1827246511752
1716000.0	516.2836954820035	516.2836954820035
1717000.0	506.10289522535123	506.10289522535123
1718000.0	502.6566369846855	502.6566369846855
1719000.0	510.07439340809475	510.07439340809475
1720000.0	518.666393150291	518.666393150291
1721000.0	505.74669802325127	505.74669802325127
1722000.0	510.8803650433558	510.8803650433558
1723000.0	516.1881058373672	516.1881058373672
1724000.0	512.6663820877884	512.6663820877884
1725000.0	524.4893118185295	524.4893118185295
1726000.0	518.0516008042918	518.0516008042918
1727000.0	519.4351351344848	519.4351351344848
1728000.0	500.18338070569797	500.18338070569797
1729000.0	523.5837257114962	523.5837257114962
1730000.0	519.6886992444552	519.6886992444552
1731000.0	521.9868755427538	521.9868755427538
1732000.0	519.3395454898558	519.3395454898558
1733000.0	510.40141061341023	510.40141061341023
1734000.0	520.0901757519088	520.0901757519088
1735000.0	518.9682551859688	518.9682551859688
1736000.0	525.5951330758967	525.5951330758967
1737000.0	512.4480352153138	512.4480352153138
1738000.0	516.4185271912714	516.4185271912714
1739000.0	500.47719308708935	500.47719308708935
1740000.0	513.5739806083933	513.5739806083933
1741000.0	521.0460721982212	521.0460721982212
1742000.0	503.5964341224323	503.5964341224323
1743000.0	512.4379731474594	512.4379731474594
1744000.0	508.38799083543813	508.38799083543813
1745000.0	505.2969235900902	505.2969235900902
1746000.0	510.1156478863052	510.1156478863052
1747000.0	522.8210209680135	522.8210209680135
1748000.0	534.2625983270133	534.2625983270133
1749000.0	533.3700929081881	533.3700929081881
1750000.0	515.0832907867857	515.0832907867857
1751000.0	525.669592378035	525.669592378035
1752000.0	515.2342218046265	515.2342218046265
1753000.0	522.0703907059606	522.0703907059606
1754000.0	527.4002680492558	527.4002680492558
1755000.0	517.4800753500745	517.4800753500745
1756000.0	513.1262185888038	513.1262185888038
1757000.0	513.747048175518	513.747048175518
1758000.0	514.6938887607618	514.6938887607618
1759000.0	514.6063487704154	514.6063487704154
1760000.0	509.1828941960554	509.1828941960554
1761000.0	510.8692967687157	510.8692967687157
1762000.0	510.6036581773194	510.6036581773194
1763000.0	503.8238368559792	503.8238368559792
1764000.0	512.7680089731323	512.7680089731323
1765000.0	510.367199582704	510.367199582704
1766000.0	509.6306562156485	509.6306562156485
1767000.0	508.5479777143474	508.5479777143474
1768000.0	490.70793140574506	490.70793140574506
1769000.0	502.8166238635984	502.8166238635984
1770000.0	502.26421633830404	502.26421633830404
1771000.0	506.47921656316356	506.47921656316356
1772000.0	499.59173111576473	499.59173111576473
1773000.0	500.5868696267196	500.5868696267196
1774000.0	506.67240826600056	506.67240826600056
1775000.0	517.0484126390504	517.0484126390504
1776000.0	510.4356216441237	510.4356216441237
1777000.0	509.2171052267689	509.2171052267689
1778000.0	510.28569683306887	510.28569683306887
1779000.0	518.7750634831318	518.7750634831318
1780000.0	497.28952999032657	497.28952999032657
1781000.0	514.8226832293185	514.8226832293185
1782000.0	503.6427196345718	503.6427196345718
1783000.0	511.1681401840361	511.1681401840361
1784000.0	510.10961064559046	510.10961064559046
1785000.0	504.2383940516446	504.2383940516446
1786000.0	498.0150050827383	498.0150050827383
1787000.0	496.47852732113654	496.47852732113654
1788000.0	506.1481745307049	506.1481745307049
1789000.0	502.3738928779379	502.3738928779379
1790000.0	498.3319602201994	498.3319602201994
1791000.0	503.53404930172735	503.53404930172735
1792000.0	509.8248541252676	509.8248541252676
1793000.0	514.5862246347031	514.5862246347031
1794000.0	504.8924284622828	504.8924284622828
1795000.0	507.6202550580265	507.6202550580265
1796000.0	518.9742924266836	518.9742924266836
1797000.0	512.0646704300008	512.0646704300008
1798000.0	515.7041203734999	515.7041203734999
1799000.0	521.5592376588767	521.5592376588767
1800000.0	529.018248560489	529.018248560489
1801000.0	513.2550130573605	513.2550130573605
1802000.0	514.091170896192	514.091170896192
1803000.0	514.6938887607618	514.6938887607618
1804000.0	520.0106854158453	520.0106854158453
1805000.0	515.830902428485	515.830902428485
1806000.0	503.1406224485601	503.1406224485601
1807000.0	506.79315308027094	506.79315308027094
1808000.0	521.7232493649291	521.7232493649291
1809000.0	519.7480654448063	519.7480654448063
1810000.0	534.2656169473707	534.2656169473707
1811000.0	513.9261529833537	513.9261529833537
1812000.0	526.7150412282651	526.7150412282651
1813000.0	513.6122164662463	513.6122164662463
1814000.0	522.0452355363192	522.0452355363192
1815000.0	510.5120933598262	510.5120933598262
1816000.0	511.99826078215267	511.99826078215267
1817000.0	523.6370546711289	523.6370546711289
1818000.0	527.3720942592571	527.3720942592571
1819000.0	521.3268038914044	521.3268038914044
1820000.0	520.6415770704137	520.6415770704137
1821000.0	524.1240587553609	524.1240587553609
1822000.0	522.2545265477216	522.2545265477216
1823000.0	522.4457058369834	522.4457058369834
1824000.0	515.782604502774	515.782604502774
1825000.0	511.2747981033089	511.2747981033089
1826000.0	520.0197412769138	520.0197412769138
1827000.0	519.5609109826842	519.5609109826842
1828000.0	522.8844119955043	522.8844119955043
1829000.0	523.0272933590622	523.0272933590622
1830000.0	525.225855185585	525.225855185585
1831000.0	527.5079321753144	527.5079321753144
1832000.0	512.4007434963885	512.4007434963885
1833000.0	522.7465616658753	522.7465616658753
1834000.0	531.3818282998574	531.3818282998574
1835000.0	526.3900364365176	526.3900364365176
1836000.0	520.6264839686304	520.6264839686304
1837000.0	509.75441965027625	509.75441965027625
1838000.0	514.7381618593296	514.7381618593296
1839000.0	518.9048641584744	518.9048641584744
1840000.0	497.48473410672784	497.48473410672784
1841000.0	507.1433130416561	507.1433130416561
1842000.0	516.5926009651782	516.5926009651782
1843000.0	499.17516150652773	499.17516150652773
1844000.0	513.9050226408556	513.9050226408556
1845000.0	512.8867413738346	512.8867413738346
1846000.0	511.0011098576262	511.0011098576262
1847000.0	517.1651326261813	517.1651326261813
1848000.0	489.7802087494315	489.7802087494315
1849000.0	505.7537414707482	505.7537414707482
1850000.0	513.363683390205	513.363683390205
1851000.0	497.14161759284326	497.14161759284326
1852000.0	528.5191699948348	528.5191699948348
1853000.0	507.38480267020054	507.38480267020054
1854000.0	519.0688758645305	519.0688758645305
1855000.0	505.1942904979569	505.1942904979569
1856000.0	503.9898609755996	503.9898609755996
1857000.0	514.3558032808024	514.3558032808024
1858000.0	514.9776390742987	514.9776390742987
1859000.0	505.7114807857519	505.7114807857519
1860000.0	496.788439011097	496.788439011097
1861000.0	499.0141684208327	499.0141684208327
1862000.0	523.0554671490573	523.0554671490573
1863000.0	521.2392639010582	521.2392639010582
1864000.0	509.38413555317874	509.38413555317874
1865000.0	515.753424505993	515.753424505993
1866000.0	509.49582450637695	509.49582450637695
1867000.0	505.76480974539203	505.76480974539203
1868000.0	507.315374401995	507.315374401995
1869000.0	503.61555205135886	503.61555205135886
1870000.0	514.0006122854883	514.0006122854883
1871000.0	511.67627461076256	511.67627461076256
1872000.0	503.0389955632126	503.0389955632126
1873000.0	509.51695484887506	509.51695484887506
1874000.0	511.1862519061768	511.1862519061768
1875000.0	514.1223633065445	514.1223633065445
1876000.0	516.3501051298481	516.3501051298481
1877000.0	502.8840397182324	502.8840397182324
1878000.0	495.37169985697983	495.37169985697983
1879000.0	508.4332701407881	508.4332701407881
1880000.0	504.464790578402	504.464790578402
1881000.0	508.23102257688623	508.23102257688623
1882000.0	508.1243646576134	508.1243646576134
1883000.0	516.6378802705319	516.6378802705319
1884000.0	525.4643261937683	525.4643261937683
1885000.0	517.9449428850189	517.9449428850189
1886000.0	508.9182618114449	508.9182618114449
1887000.0	516.6801409555245	516.6801409555245
1888000.0	515.7815982959881	515.7815982959881
1889000.0	518.7026165945725	518.7026165945725
1890000.0	503.3992175924595	503.3992175924595
1891000.0	513.8667867830026	513.8667867830026
1892000.0	498.8239953383567	498.8239953383567
1893000.0	511.4247229143638	511.4247229143638
1894000.0	518.5225055799509	518.5225055799509
1895000.0	516.3350120280684	516.3350120280684
1896000.0	510.5925899026756	510.5925899026756
1897000.0	514.2018536426043	514.2018536426043
1898000.0	512.1129683557119	512.1129683557119
1899000.0	522.764673388016	522.764673388016
1900000.0	513.6544771512426	513.6544771512426
1901000.0	509.7443575824183	509.7443575824183
1902000.0	515.9144175916881	515.9144175916881
1903000.0	512.3262841942538	512.3262841942538
1904000.0	512.5245069310199	512.5245069310199
1905000.0	504.58956021981555	504.58956021981555
1906000.0	511.30095947973234	511.30095947973234
1907000.0	509.7644817181343	509.7644817181343
1908000.0	520.3477646890187	520.3477646890187
1909000.0	513.913072295142	513.913072295142
1910000.0	511.3693815411558	511.3693815411558
1911000.0	507.3163806087808	507.3163806087808
1912000.0	521.5491755910186	521.5491755910186
1913000.0	515.2513273199814	515.2513273199814
1914000.0	510.5563664583941	510.5563664583941
1915000.0	508.46144393078686	508.46144393078686
1916000.0	504.35310162520017	504.35310162520017
1917000.0	521.9204658949056	521.9204658949056
1918000.0	503.0842748685663	503.0842748685663
1919000.0	521.4576107735328	521.4576107735328
1920000.0	517.614907059346	517.614907059346
1921000.0	509.98182238381946	509.98182238381946
1922000.0	503.61756446493047	503.61756446493047
1923000.0	513.7893088605142	513.7893088605142
1924000.0	526.1505592215485	526.1505592215485
1925000.0	519.4703523719805	519.4703523719805
1926000.0	525.1886255345177	525.1886255345177
1927000.0	512.0274407789335	512.0274407789335
1928000.0	516.7093209523091	516.7093209523091
1929000.0	521.5582314520908	521.5582314520908
1930000.0	524.7891614406357	524.7891614406357
1931000.0	526.4544336707942	526.4544336707942
1932000.0	512.5194758970908	512.5194758970908
1933000.0	518.4621331728139	518.4621331728139
1934000.0	523.1973423058222	523.1973423058222
1935000.0	528.4658410351983	528.4658410351983
1936000.0	508.884050780735	508.884050780735
1937000.0	519.7822764755163	519.7822764755163
1938000.0	509.34288107496826	509.34288107496826
1939000.0	506.83742617883513	506.83742617883513
1940000.0	506.70360067634937	506.70360067634937
1941000.0	502.38194253222065	502.38194253222065
1942000.0	524.3957345874684	524.3957345874684
1943000.0	516.7525878440875	516.7525878440875
1944000.0	510.25349821593056	510.25349821593056
1945000.0	509.5038741606633	509.5038741606633
1946000.0	527.3066908181947	527.3066908181947
1947000.0	516.897481621217	516.897481621217
1948000.0	512.6905310506403	512.6905310506403
1949000.0	518.678467631717	518.678467631717
1950000.0	514.6586715232623	514.6586715232623
1951000.0	504.7404912376563	504.7404912376563
1952000.0	512.2850297160471	512.2850297160471
1953000.0	521.5129521467408	521.5129521467408
1954000.0	513.0286165306031	513.0286165306031
1955000.0	522.7807726965852	522.7807726965852
1956000.0	520.3709074450884	520.3709074450884
1957000.0	515.6236238306506	515.6236238306506
1958000.0	520.0318157583434	520.0318157583434
1959000.0	511.0534326104768	511.0534326104768
1960000.0	517.1580891786843	517.1580891786843
1961000.0	516.3108630652129	516.3108630652129
1962000.0	524.0435622125079	524.0435622125079
1963000.0	518.0827932146442	518.0827932146442
1964000.0	515.9214610391888	515.9214610391888
1965000.0	504.8773353604958	504.8773353604958
1966000.0	503.97778649417364	503.97778649417364
1967000.0	505.35930841079517	505.35930841079517
1968000.0	512.2337131699823	512.2337131699823
1969000.0	503.4766955149478	503.4766955149478
1970000.0	508.48458668685294	508.48458668685294
1971000.0	518.6975855606435	518.6975855606435
1972000.0	527.5250376906694	527.5250376906694
1973000.0	508.90115629608994	508.90115629608994
1974000.0	517.9308559900177	517.9308559900177
1975000.0	505.4800532250692	505.4800532250692
1976000.0	509.5481472592312	509.5481472592312
1977000.0	523.3673912525894	523.3673912525894
1978000.0	520.216957806894	520.216957806894
1979000.0	514.6355287671963	514.6355287671963
1980000.0	501.2791398952072	501.2791398952072
1981000.0	496.9091838253711	496.9091838253711
1982000.0	518.8797089888367	518.8797089888367
1983000.0	504.9638691440563	504.9638691440563
1984000.0	494.813255090978	494.813255090978
1985000.0	517.6028325779164	517.6028325779164
1986000.0	513.7963523080111	513.7963523080111
1987000.0	513.6242909476723	513.6242909476723
1988000.0	518.5748283328015	518.5748283328015
1989000.0	508.7693432071794	508.7693432071794
1990000.0	508.9836652525109	508.9836652525109
1991000.0	509.54512863887015	509.54512863887015
1992000.0	515.0692038917882	515.0692038917882
1993000.0	499.5846876682678	499.5846876682678
1994000.0	501.97342257727007	501.97342257727007
1995000.0	502.09416739154045	502.09416739154045
1996000.0	514.7673418561104	514.7673418561104
1997000.0	500.0153441725023	500.0153441725023
1998000.0	516.5936071719641	516.5936071719641
1999000.0	513.669570253026	513.669570253026
2000000.0	497.87614854632716	497.87614854632716
