1000000.0	463.690273005739	463.690273005739
1001000.0	459.6181541444338	459.6181541444338
1002000.0	445.2646143479219	445.2646143479219
1003000.0	444.9879074818855	444.9879074818855
1004000.0	452.98725142736265	452.98725142736265
1005000.0	438.9114247036767	438.9114247036767
1006000.0	448.883940155705	448.883940155705
1007000.0	458.1752536138931	458.1752536138931
1008000.0	449.25824907994934	449.25824907994934
1009000.0	454.5770581486008	454.5770581486008
1010000.0	454.7380512342996	454.7380512342996
1011000.0	457.8784226121407	457.8784226121407
1012000.0	461.1687188010331	461.1687188010331
1013000.0	457.15999096722595	457.15999096722595
1014000.0	458.2406570549555	458.2406570549555
1015000.0	447.7962306204785	447.7962306204785
1016000.0	455.2612787628094	455.2612787628094
1017000.0	454.7984236414329	454.7984236414329
1018000.0	449.8458738427357	449.8458738427357
1019000.0	463.8784336746433	463.8784336746433
1020000.0	478.20681830151756	478.20681830151756
1021000.0	446.871526584515	446.871526584515
1022000.0	453.0878721059207	453.0878721059207
1023000.0	440.4318031567093	440.4318031567093
1024000.0	457.86232330357154	457.86232330357154
1025000.0	459.1512741959178	459.1512741959178
1026000.0	472.6163334007513	472.6163334007513
1027000.0	466.1283120472345	466.1283120472345
1028000.0	452.87355006058925	452.87355006058925
1029000.0	452.6038866420534	452.6038866420534
1030000.0	472.646519604318	472.646519604318
1031000.0	473.3196719438791	473.3196719438791
1032000.0	473.67989397312226	473.67989397312226
1033000.0	460.1856547715115	460.1856547715115
1034000.0	458.6028914977666	458.6028914977666
1035000.0	460.55090783468	460.55090783468
1036000.0	445.0251371329491	445.0251371329491
1037000.0	442.25504985220914	442.25504985220914
1038000.0	446.62098109490574	446.62098109490574
1039000.0	438.48781164693906	438.48781164693906
1040000.0	454.12627750865767	454.12627750865767
1041000.0	447.4410396251643	447.4410396251643
1042000.0	464.0494888281927	464.0494888281927
1043000.0	447.1522582776946	447.1522582776946
1044000.0	440.2567231760167	440.2567231760167
1045000.0	451.8733805157091	451.8733805157091
1046000.0	438.30468201196373	438.30468201196373
1047000.0	431.262240719581	431.262240719581
1048000.0	451.1720543861492	451.1720543861492
1049000.0	450.97282544260474	450.97282544260474
1050000.0	435.79218366833004	435.79218366833004
1051000.0	446.3050321642304	446.3050321642304
1052000.0	444.56127580479045	444.56127580479045
1053000.0	449.56916697669567	449.56916697669567
1054000.0	446.5535652402681	446.5535652402681
1055000.0	439.1579453661464	439.1579453661464
1056000.0	456.6417944726451	456.6417944726451
1057000.0	458.8816107773783	458.8816107773783
1058000.0	457.8754039917833	457.8754039917833
1059000.0	450.5985165183604	450.5985165183604
1060000.0	450.4536227412345	450.4536227412345
1061000.0	458.9399707709437	458.9399707709437
1062000.0	456.97183029831797	456.97183029831797
1063000.0	451.9770198146245	451.9770198146245
1064000.0	445.83915842249655	445.83915842249655
1065000.0	469.28679514721637	469.28679514721637
1066000.0	453.4249513790978	453.4249513790978
1067000.0	465.48735832480804	465.48735832480804
1068000.0	455.31762634279954	455.31762634279954
1069000.0	447.227723786615	447.227723786615
1070000.0	453.4209265519546	453.4209265519546
1071000.0	463.4457647568372	463.4457647568372
1072000.0	451.22035231185663	451.22035231185663
1073000.0	460.93024779284974	460.93024779284974
1074000.0	432.65784953120004	432.65784953120004
1075000.0	455.00771465283907	455.00771465283907
1076000.0	459.0305293816474	459.0305293816474
1077000.0	439.8250604649964	439.8250604649964
1078000.0	463.08051169366865	463.08051169366865
1079000.0	447.0707555280668	447.0707555280668
1080000.0	461.9163304427324	461.9163304427324
1081000.0	441.0979120487734	441.0979120487734
1082000.0	456.2222062430507	456.2222062430507
1083000.0	454.9392925914193	454.9392925914193
1084000.0	442.6645760139455	442.6645760139455
1085000.0	457.81301917107834	457.81301917107834
1086000.0	471.4038542241112	471.4038542241112
1087000.0	463.6641116293119	463.6641116293119
1088000.0	460.24602717864485	460.24602717864485
1089000.0	455.63558768705013	455.63558768705013
1090000.0	447.9310623297464	447.9310623297464
1091000.0	458.62603425384	458.62603425384
1092000.0	455.36793668208225	455.36793668208225
1093000.0	453.60908722085895	453.60908722085895
1094000.0	447.2458355087557	447.2458355087557
1095000.0	440.979179648071	440.979179648071
1096000.0	454.0568492404521	454.0568492404521
1097000.0	463.5333047471835	463.5333047471835
1098000.0	452.87958730130407	452.87958730130407
1099000.0	460.2530706261455	460.2530706261455
1100000.0	465.798276221558	465.798276221558
1101000.0	454.3838664457675	454.3838664457675
1102000.0	449.1988828796018	449.1988828796018
1103000.0	454.02867545045336	454.02867545045336
1104000.0	442.7279670414363	442.7279670414363
1105000.0	453.5436837797966	453.5436837797966
1106000.0	460.4975788750436	460.4975788750436
1107000.0	465.50949487409196	465.50949487409196
1108000.0	471.34146940340264	471.34146940340264
1109000.0	456.3681062269624	456.3681062269624
1110000.0	455.5047808049217	455.5047808049217
1111000.0	465.6674693394333	465.6674693394333
1112000.0	458.45497910028695	458.45497910028695
1113000.0	445.32096192791573	445.32096192791573
1114000.0	440.61493279168826	440.61493279168826
1115000.0	460.5217278378991	460.5217278378991
1116000.0	445.07645367901756	445.07645367901756
1117000.0	465.1573224991352	465.1573224991352
1118000.0	456.2614483076896	456.2614483076896
1119000.0	466.8829671364271	466.8829671364271
1120000.0	466.905103685711	466.905103685711
1121000.0	455.6506807888334	455.6506807888334
1122000.0	458.36341428279746	458.36341428279746
1123000.0	466.02869757545864	466.02869757545864
1124000.0	454.66962917287617	454.66962917287617
1125000.0	463.20729374865016	463.20729374865016
1126000.0	460.26916993471457	460.26916993471457
1127000.0	461.8529394152416	461.8529394152416
1128000.0	435.580880243356	435.580880243356
1129000.0	450.3208034455345	450.3208034455345
1130000.0	459.53262656765907	459.53262656765907
1131000.0	442.41201811075734	442.41201811075734
1132000.0	458.50730185313756	458.50730185313756
1133000.0	464.096780547118	464.096780547118
1134000.0	452.0776404931862	452.0776404931862
1135000.0	458.21147705817094	458.21147705817094
1136000.0	461.5259222099225	461.5259222099225
1137000.0	463.9830791803446	463.9830791803446
1138000.0	464.26079225317045	464.26079225317045
1139000.0	456.00889040450505	456.00889040450505
1140000.0	458.53145081598944	458.53145081598944
1141000.0	453.0083817698608	453.0083817698608
1142000.0	461.750306323112	461.750306323112
1143000.0	464.6481818656229	464.6481818656229
1144000.0	455.263291176381	455.263291176381
1145000.0	473.17578437353893	473.17578437353893
1146000.0	442.13229262436715	442.13229262436715
1147000.0	463.8271171285785	463.8271171285785
1148000.0	470.16722608461197	470.16722608461197
1149000.0	460.3979644032677	460.3979644032677
1150000.0	453.61009342764476	453.61009342764476
1151000.0	448.84671050464135	448.84671050464135
1152000.0	457.07546959723703	457.07546959723703
1153000.0	453.0989403805645	453.0989403805645
1154000.0	447.91596922796305	447.91596922796305
1155000.0	458.63106528776535	458.63106528776535
1156000.0	452.89065557594785	452.89065557594785
1157000.0	472.4372285929155	472.4372285929155
1158000.0	458.5304446092073	458.5304446092073
1159000.0	467.9545773630881	467.9545773630881
1160000.0	462.1698945527027	462.1698945527027
1161000.0	464.46303981707234	464.46303981707234
1162000.0	448.41102296647415	448.41102296647415
1163000.0	456.97183029831797	456.97183029831797
1164000.0	456.53513655337224	456.53513655337224
1165000.0	478.43019620791756	478.43019620791756
1166000.0	481.0080979926136	481.0080979926136
1167000.0	446.5958259252607	446.5958259252607
1168000.0	449.014747037837	449.014747037837
1169000.0	456.7273220494198	456.7273220494198
1170000.0	460.14440029330103	460.14440029330103
1171000.0	456.63173240479074	456.63173240479074
1172000.0	460.06591616402324	460.06591616402324
1173000.0	458.3432901470851	458.3432901470851
1174000.0	457.838174340716	457.838174340716
1175000.0	461.4725932502861	461.4725932502861
1176000.0	467.0540222899838	467.0540222899838
1177000.0	462.46471314088353	462.46471314088353
1178000.0	454.14237681722676	454.14237681722676
1179000.0	443.3347097331492	443.3347097331492
1180000.0	462.46672555445514	462.46672555445514
1181000.0	458.8081576820295	458.8081576820295
1182000.0	451.79389017964917	451.79389017964917
1183000.0	461.7764676995355	461.7764676995355
1184000.0	448.8688470539253	448.8688470539253
1185000.0	458.64716459633445	458.64716459633445
1186000.0	442.23492571649314	442.23492571649314
1187000.0	446.5062735213465	446.5062735213465
1188000.0	449.127442197821	449.127442197821
1189000.0	453.3142686326818	453.3142686326818
1190000.0	440.58977762205063	440.58977762205063
1191000.0	454.1574699190101	454.1574699190101
1192000.0	453.2860948426867	453.2860948426867
1193000.0	459.82442653548253	459.82442653548253
1194000.0	463.33306959684955	463.33306959684955
1195000.0	472.7109168385945	472.7109168385945
1196000.0	457.2253944082883	457.2253944082883
1197000.0	457.59366609181785	457.59366609181785
1198000.0	465.81236311655556	465.81236311655556
1199000.0	465.73689760763887	465.73689760763887
1200000.0	467.682901530977	467.682901530977
1201000.0	448.18764506007784	448.18764506007784
1202000.0	450.7263047801314	450.7263047801314
1203000.0	447.03654449735694	447.03654449735694
1204000.0	447.99445335724084	447.99445335724084
1205000.0	454.8899884589224	454.8899884589224
1206000.0	461.0982843260417	461.0982843260417
1207000.0	464.55661704813343	464.55661704813343
1208000.0	456.0400828148575	456.0400828148575
1209000.0	455.75029526060933	455.75029526060933
1210000.0	457.10565580080373	457.10565580080373
1211000.0	447.79723682726427	447.79723682726427
1212000.0	457.7023364246623	457.7023364246623
1213000.0	468.43151937945845	468.43151937945845
1214000.0	447.3826796315989	447.3826796315989
1215000.0	450.39123792052953	450.39123792052953
1216000.0	452.29598736566084	452.29598736566084
1217000.0	457.10666200758953	457.10666200758953
1218000.0	445.4487501896867	445.4487501896867
1219000.0	452.3684342542202	452.3684342542202
1220000.0	449.46150285063703	449.46150285063703
1221000.0	454.7662250242983	454.7662250242983
1222000.0	461.76137459775214	461.76137459775214
1223000.0	447.5094616865841	447.5094616865841
1224000.0	454.9885967239125	454.9885967239125
1225000.0	461.3880718802972	461.3880718802972
1226000.0	447.63423132799767	447.63423132799767
1227000.0	454.2822395604237	454.2822395604237
1228000.0	462.01091388057927	462.01091388057927
1229000.0	449.76034626596106	449.76034626596106
1230000.0	451.0231357818838	451.0231357818838
1231000.0	445.79086049678915	445.79086049678915
1232000.0	454.03068786402497	454.03068786402497
1233000.0	446.2708211335169	446.2708211335169
1234000.0	458.78099009882027	458.78099009882027
1235000.0	461.08117881069046	461.08117881069046
1236000.0	467.1838229653227	467.1838229653227
1237000.0	454.9634415542712	454.9634415542712
1238000.0	439.98404113711985	439.98404113711985
1239000.0	463.36124338684465	463.36124338684465
1240000.0	463.48198820111867	463.48198820111867
1241000.0	461.3367553342324	461.3367553342324
1242000.0	452.1692053106757	452.1692053106757
1243000.0	459.15932385020415	459.15932385020415
1244000.0	451.9015543057078	451.9015543057078
1245000.0	470.14810815568546	470.14810815568546
1246000.0	460.78535401572384	460.78535401572384
1247000.0	465.0657576816457	465.0657576816457
1248000.0	452.55558871634236	452.55558871634236
1249000.0	472.62237064146245	472.62237064146245
1250000.0	470.30809503459835	470.30809503459835
1251000.0	462.64583036229095	462.64583036229095
1252000.0	459.8998920443992	459.8998920443992
1253000.0	452.74073076489293	452.74073076489293
1254000.0	468.00086287522754	468.00086287522754
1255000.0	452.55558871634236	452.55558871634236
1256000.0	450.4244427444536	450.4244427444536
1257000.0	450.7293234004851	450.7293234004851
1258000.0	454.7169208918014	454.7169208918014
1259000.0	438.65886680049215	438.65886680049215
1260000.0	432.75343917583274	432.75343917583274
1261000.0	438.043068247707	438.043068247707
1262000.0	451.8039522475035	451.8039522475035
1263000.0	442.7108615260814	442.7108615260814
1264000.0	450.9506888933172	450.9506888933172
1265000.0	449.8539234970185	449.8539234970185
1266000.0	468.94367863332815	468.94367863332815
1267000.0	458.5636494331314	458.5636494331314
1268000.0	459.855618945835	459.855618945835
1269000.0	469.050336552601	469.050336552601
1270000.0	445.2163164222108	445.2163164222108
1271000.0	450.0622083016388	450.0622083016388
1272000.0	462.0139325009367	462.0139325009367
1273000.0	474.1276559927117	474.1276559927117
1274000.0	455.7211152638248	455.7211152638248
1275000.0	453.75699961834226	453.75699961834226
1276000.0	461.69094012276076	461.69094012276076
1277000.0	462.7524882815638	462.7524882815638
1278000.0	462.1910248952009	462.1910248952009
1279000.0	458.9802190423647	458.9802190423647
1280000.0	439.70834047786553	439.70834047786553
1281000.0	466.5066457986184	466.5066457986184
1282000.0	463.5745592253903	463.5745592253903
1283000.0	455.7462704334661	455.7462704334661
1284000.0	446.3110694049416	446.3110694049416
1285000.0	454.17055060722186	454.17055060722186
1286000.0	463.01913307974587	463.01913307974587
1287000.0	468.95776552832933	468.95776552832933
1288000.0	451.8029460407177	451.8029460407177
1289000.0	454.0337064843823	454.0337064843823
1290000.0	474.52712008659375	474.52712008659375
1291000.0	460.5499016278942	460.5499016278942
1292000.0	461.27235809995216	461.27235809995216
1293000.0	459.6855699990714	459.6855699990714
1294000.0	447.7761064847698	447.7761064847698
1295000.0	459.9089479054714	459.9089479054714
1296000.0	454.1021285458021	454.1021285458021
1297000.0	448.37983055612534	448.37983055612534
1298000.0	434.81213825916217	434.81213825916217
1299000.0	440.2949590338661	440.2949590338661
1300000.0	447.9864037029581	447.9864037029581
1301000.0	456.9185013386852	456.9185013386852
1302000.0	448.16349609722226	448.16349609722226
1303000.0	461.69295253633237	461.69295253633237
1304000.0	450.4113620562382	450.4113620562382
1305000.0	454.50461126004154	454.50461126004154
1306000.0	455.14355256889274	455.14355256889274
1307000.0	464.80716253775	464.80716253775
1308000.0	456.94063788796547	456.94063788796547
1309000.0	448.1323036868661	448.1323036868661
1310000.0	456.26849175519015	456.26849175519015
1311000.0	438.1728689230496	438.1728689230496
1312000.0	465.3092597237617	465.3092597237617
1313000.0	460.5116657700448	460.5116657700448
1314000.0	470.9601170316613	470.9601170316613
1315000.0	458.3221598045906	458.3221598045906
1316000.0	453.0737852109232	453.0737852109232
1317000.0	455.3488187531557	455.3488187531557
1318000.0	470.2507412478151	470.2507412478151
1319000.0	469.94183576464036	469.94183576464036
1320000.0	457.16502200115127	457.16502200115127
1321000.0	465.5789231423012	465.5789231423012
1322000.0	444.31374893553493	444.31374893553493
1323000.0	443.5460131581269	443.5460131581269
1324000.0	446.9087562355823	446.9087562355823
1325000.0	444.92753507474845	444.92753507474845
1326000.0	455.5440228695606	455.5440228695606
1327000.0	457.4849957589734	457.4849957589734
1328000.0	440.76586380952534	440.76586380952534
1329000.0	448.60018984216794	448.60018984216794
1330000.0	458.75181010203573	458.75181010203573
1331000.0	454.0890478575867	454.0890478575867
1332000.0	451.5745371003887	451.5745371003887
1333000.0	454.60221331824584	454.60221331824584
1334000.0	458.2436756753092	458.2436756753092
1335000.0	442.6122532610949	442.6122532610949
1336000.0	444.8430137047596	444.8430137047596
1337000.0	449.7482717845314	449.7482717845314
1338000.0	456.0913993609223	456.0913993609223
1339000.0	455.6486683752619	455.6486683752619
1340000.0	460.0830216793782	460.0830216793782
1341000.0	453.4158955180256	453.4158955180256
1342000.0	450.6578827187116	450.6578827187116
1343000.0	457.25155578471544	457.25155578471544
1344000.0	444.51700270622626	444.51700270622626
1345000.0	437.01874973997127	437.01874973997127
1346000.0	444.61359855764107	444.61359855764107
1347000.0	434.19231487923753	434.19231487923753
1348000.0	438.4475633755181	438.4475633755181
1349000.0	458.32920325208755	458.32920325208755
1350000.0	435.9270153776016	435.9270153776016
1351000.0	441.629189231566	441.629189231566
1352000.0	460.19873545972325	460.19873545972325
1353000.0	455.6255256191958	455.6255256191958
1354000.0	447.68152304691927	447.68152304691927
1355000.0	440.9902479227148	440.9902479227148
1356000.0	453.6835465229935	453.6835465229935
1357000.0	427.1619480682807	427.1619480682807
1358000.0	448.42007882755	448.42007882755
1359000.0	446.191330797457	446.191330797457
1360000.0	438.4536006162292	438.4536006162292
1361000.0	448.8718656742827	448.8718656742827
1362000.0	437.4785862409867	437.4785862409867
1363000.0	447.75497614226805	447.75497614226805
1364000.0	451.1006137043721	451.1006137043721
1365000.0	453.7308382419188	453.7308382419188
1366000.0	451.6258536464535	451.6258536464535
1367000.0	444.3761337562435	444.3761337562435
1368000.0	454.0548368268805	454.0548368268805
1369000.0	445.1438695336479	445.1438695336479
1370000.0	456.69311101870994	456.69311101870994
1371000.0	458.1068315524697	458.1068315524697
1372000.0	449.21900701531047	449.21900701531047
1373000.0	463.87440884750015	463.87440884750015
1374000.0	459.21466522341217	459.21466522341217
1375000.0	464.45499016278956	464.45499016278956
1376000.0	455.4494394317137	455.4494394317137
1377000.0	467.0972891817622	467.0972891817622
1378000.0	462.25340971590947	462.25340971590947
1379000.0	451.3310350582727	451.3310350582727
1380000.0	462.66897311836067	462.66897311836067
1381000.0	447.08886725020386	447.08886725020386
1382000.0	456.3389262301815	456.3389262301815
1383000.0	452.64916594740345	452.64916594740345
1384000.0	455.4484332249316	455.4484332249316
1385000.0	462.08436697592805	462.08436697592805
1386000.0	451.4769350421881	451.4769350421881
1387000.0	456.56532275693894	456.56532275693894
1388000.0	455.8891517970205	455.8891517970205
1389000.0	461.78451735382185	461.78451735382185
1390000.0	458.9802190423647	458.9802190423647
1391000.0	451.12576887400974	451.12576887400974
1392000.0	460.88999952142507	460.88999952142507
1393000.0	464.17023364246677	464.17023364246677
1394000.0	460.17257408329607	460.17257408329607
1395000.0	450.06925174913573	450.06925174913573
1396000.0	449.9595752095092	449.9595752095092
1397000.0	455.9122945530902	455.9122945530902
1398000.0	457.80295710322036	457.80295710322036
1399000.0	456.7021668797821	456.7021668797821
1400000.0	451.8099894882183	451.8099894882183
1401000.0	435.8253884922541	435.8253884922541
1402000.0	454.33154369292055	454.33154369292055
1403000.0	459.18951005377085	459.18951005377085
1404000.0	454.1554575054385	454.1554575054385
1405000.0	438.4797619926527	438.4797619926527
1406000.0	447.86968371582725	447.86968371582725
1407000.0	430.47035597931745	430.47035597931745
1408000.0	458.21047085138514	458.21047085138514
1409000.0	451.2344392068542	451.2344392068542
1410000.0	451.99412532997945	451.99412532997945
1411000.0	464.4278225795766	464.4278225795766
1412000.0	452.051479116759	452.051479116759
1413000.0	459.9351092818949	459.9351092818949
1414000.0	451.56950606645967	451.56950606645967
1415000.0	458.21550188531415	458.21550188531415
1416000.0	452.0967584221127	452.0967584221127
1417000.0	443.7915276138109	443.7915276138109
1418000.0	457.20627647936175	457.20627647936175
1419000.0	465.6141403797969	465.6141403797969
1420000.0	464.8222556395297	464.8222556395297
1421000.0	460.089058920093	460.089058920093
1422000.0	455.3548559938668	455.3548559938668
1423000.0	450.49487721944496	450.49487721944496
1424000.0	455.4776132217125	455.4776132217125
1425000.0	471.29216527090944	471.29216527090944
1426000.0	466.98258160820666	466.98258160820666
1427000.0	467.02584849998505	467.02584849998505
1428000.0	447.83245406476	447.83245406476
1429000.0	451.3048736818492	451.3048736818492
1430000.0	457.4658778300469	457.4658778300469
1431000.0	431.2229986549421	431.2229986549421
1432000.0	449.4514407827827	449.4514407827827
1433000.0	436.509609106459	436.509609106459
1434000.0	443.3920635199325	443.3920635199325
1435000.0	446.9127810627255	446.9127810627255
1436000.0	445.2414715918558	445.2414715918558
1437000.0	448.19368230078896	448.19368230078896
1438000.0	450.3016855166116	450.3016855166116
1439000.0	448.73703396500747	448.73703396500747
1440000.0	473.0993126578328	473.0993126578328
1441000.0	460.6605843743139	460.6605843743139
1442000.0	449.77845798810176	449.77845798810176
1443000.0	441.239787205542	441.239787205542
1444000.0	461.86501389666756	461.86501389666756
1445000.0	455.9897724755785	455.9897724755785
1446000.0	460.7652298800115	460.7652298800115
1447000.0	447.0757865619921	447.0757865619921
1448000.0	445.7335067100095	445.7335067100095
1449000.0	454.03873751831134	454.03873751831134
1450000.0	457.077482010805	457.077482010805
1451000.0	455.68891664668655	455.68891664668655
1452000.0	444.2624323894701	444.2624323894701
1453000.0	454.20174301757436	454.20174301757436
1454000.0	449.28944149030184	449.28944149030184
1455000.0	470.02233230748607	470.02233230748607
1456000.0	446.54149075884214	446.54149075884214
1457000.0	450.1608165666289	450.1608165666289
1458000.0	462.05015594521814	462.05015594521814
1459000.0	442.3999436293314	442.3999436293314
1460000.0	448.6384257000247	448.6384257000247
1461000.0	456.7343654969167	456.7343654969167
1462000.0	453.474255511591	453.474255511591
1463000.0	461.6114497866972	461.6114497866972
1464000.0	441.706667154058	441.706667154058
1465000.0	444.95570886474354	444.95570886474354
1466000.0	449.7935510898851	449.7935510898851
1467000.0	461.5973628916997	461.5973628916997
1468000.0	455.19990014888657	455.19990014888657
1469000.0	450.1638351869863	450.1638351869863
1470000.0	451.57755572074245	451.57755572074245
1471000.0	456.4003048441007	456.4003048441007
1472000.0	448.67968017823154	448.67968017823154
1473000.0	445.4014584707651	445.4014584707651
1474000.0	442.3224657068431	442.3224657068431
1475000.0	438.8701702254662	438.8701702254662
1476000.0	448.3908988307655	448.3908988307655
1477000.0	447.33840653303105	447.33840653303105
1478000.0	448.82457395535744	448.82457395535744
1479000.0	451.4809598693276	451.4809598693276
1480000.0	436.74003046036324	436.74003046036324
1481000.0	458.6984811423993	458.6984811423993
1482000.0	441.1140113573426	441.1140113573426
1483000.0	459.2267397048345	459.2267397048345
1484000.0	448.1232478257976	448.1232478257976
1485000.0	437.7482496595262	437.7482496595262
1486000.0	444.8168523283324	444.8168523283324
1487000.0	447.26294102411435	447.26294102411435
1488000.0	443.7935400273825	443.7935400273825
1489000.0	452.4388687292152	452.4388687292152
1490000.0	440.78900656559506	440.78900656559506
1491000.0	470.4741191542187	470.4741191542187
1492000.0	454.6957905493033	454.6957905493033
1493000.0	466.4835030425487	466.4835030425487
1494000.0	456.7786385954846	456.7786385954846
1495000.0	447.99244094366924	447.99244094366924
1496000.0	465.482327290879	465.482327290879
1497000.0	452.9610900509392	452.9610900509392
1498000.0	455.8167049084575	455.8167049084575
1499000.0	441.5104568308672	441.5104568308672
1500000.0	445.0593481636626	445.0593481636626
1501000.0	455.62955044633895	455.62955044633895
1502000.0	456.31075244018643	456.31075244018643
1503000.0	457.7345350418006	457.7345350418006
1504000.0	461.95557250737124	461.95557250737124
1505000.0	452.4972287227769	452.4972287227769
1506000.0	450.07428278306475	450.07428278306475
1507000.0	454.39292230683975	454.39292230683975
1508000.0	463.7325336907316	463.7325336907316
1509000.0	465.51452590802097	465.51452590802097
1510000.0	457.21030130650496	457.21030130650496
1511000.0	458.5857859824153	458.5857859824153
1512000.0	447.45311410659025	447.45311410659025
1513000.0	456.77863859548825	456.77863859548825
1514000.0	445.3994460571935	445.3994460571935
1515000.0	462.8038048276286	462.8038048276286
1516000.0	453.3736348330293	453.3736348330293
1517000.0	450.42947377837896	450.42947377837896
1518000.0	456.0632255709273	456.0632255709273
1519000.0	444.0118868998572	444.0118868998572
1520000.0	451.69326950108746	451.69326950108746
1521000.0	447.74491407441366	447.74491407441366
1522000.0	467.10433262926284	467.10433262926284
1523000.0	455.58628355455687	455.58628355455687
1524000.0	463.9981722821316	463.9981722821316
1525000.0	451.71741846393934	451.71741846393934
1526000.0	462.13065248806384	462.13065248806384
1527000.0	443.1757290610258	443.1757290610258
1528000.0	447.5406540969366	447.5406540969366
1529000.0	446.30805078458417	446.30805078458417
1530000.0	445.84117083606816	445.84117083606816
1531000.0	449.960581416295	449.960581416295
1532000.0	451.59566744288315	451.59566744288315
1533000.0	448.82759257571485	448.82759257571485
1534000.0	468.0179683905825	468.0179683905825
1535000.0	446.530422484202	446.530422484202
1536000.0	465.28611696769195	465.28611696769195
1537000.0	454.23394163471625	454.23394163471625
1538000.0	453.4722430980194	453.4722430980194
1539000.0	445.9438039281978	445.9438039281978
1540000.0	460.8638381450016	460.8638381450016
1541000.0	445.5855943125262	445.5855943125262
1542000.0	464.84539839559943	464.84539839559943
1543000.0	457.67315642787776	457.67315642787776
1544000.0	446.7065086716804	446.7065086716804
1545000.0	437.63555449953856	437.63555449953856
1546000.0	447.12005966056	447.12005966056
1547000.0	439.54030394466986	439.54030394466986
1548000.0	455.1073291246113	455.1073291246113
1549000.0	437.50374141062804	437.50374141062804
1550000.0	465.203608011271	465.203608011271
1551000.0	451.7315053589405	451.7315053589405
1552000.0	447.0808175959175	447.0808175959175
1553000.0	459.2488762541184	459.2488762541184
1554000.0	459.489359675877	459.489359675877
1555000.0	455.0268325817656	455.0268325817656
1556000.0	451.4819660761134	451.4819660761134
1557000.0	448.2158188500729	448.2158188500729
1558000.0	451.1599799047233	451.1599799047233
1559000.0	453.7942292694132	453.7942292694132
1560000.0	457.9820619110561	457.9820619110561
1561000.0	457.3451330157765	457.3451330157765
1562000.0	436.269125684704	436.269125684704
1563000.0	440.6280134799	440.6280134799
1564000.0	453.90390580903977	453.90390580903977
1565000.0	448.6494939746612	448.6494939746612
1566000.0	464.8041439173926	464.8041439173926
1567000.0	443.87906760415717	443.87906760415717
1568000.0	445.7787860153632	445.7787860153632
1569000.0	438.1336268584107	438.1336268584107
1570000.0	451.49705917789674	451.49705917789674
1571000.0	436.7641794232151	436.7641794232151
1572000.0	449.3769814806481	449.3769814806481
1573000.0	446.54048455205634	446.54048455205634
1574000.0	457.21935716757713	457.21935716757713
1575000.0	453.4480941351639	453.4480941351639
1576000.0	444.8611254269003	444.8611254269003
1577000.0	455.70602216204145	455.70602216204145
1578000.0	452.96511487807874	452.96511487807874
1579000.0	453.8918313276102	453.8918313276102
1580000.0	436.6142546121639	436.6142546121639
1581000.0	456.8299551415494	456.8299551415494
1582000.0	461.93142354451936	461.93142354451936
1583000.0	456.5794096519365	456.5794096519365
1584000.0	446.08467287818416	446.08467287818416
1585000.0	436.4311249771849	436.4311249771849
1586000.0	445.5855943125262	445.5855943125262
1587000.0	436.4603049739658	436.4603049739658
1588000.0	440.81416173523644	440.81416173523644
1589000.0	456.2855972705451	456.2855972705451
1590000.0	458.9017349130906	458.9017349130906
1591000.0	450.08937588485173	450.08937588485173
1592000.0	456.29767175197105	456.29767175197105
1593000.0	457.0694323565222	457.0694323565222
1594000.0	455.019789134265	455.019789134265
1595000.0	450.54216893837025	450.54216893837025
1596000.0	450.07227036949683	450.07227036949683
1597000.0	466.10215067081106	466.10215067081106
1598000.0	459.87171825440413	459.87171825440413
1599000.0	479.10837958140763	479.10837958140763
1600000.0	442.9090842628437	442.9090842628437
1601000.0	461.562145654204	461.562145654204
1602000.0	453.14019485877134	453.14019485877134
1603000.0	441.0184217127099	441.0184217127099
1604000.0	449.85895453094747	449.85895453094747
1605000.0	461.8750759645219	461.8750759645219
1606000.0	449.34277044993826	449.34277044993826
1607000.0	453.0757976244948	453.0757976244948
1608000.0	455.39510426529154	455.39510426529154
1609000.0	457.51518196254375	457.51518196254375
1610000.0	459.5014341573066	459.5014341573066
1611000.0	457.5886350578889	457.5886350578889
1612000.0	465.02550941022105	465.02550941022105
1613000.0	465.0597204409309	465.0597204409309
1614000.0	460.9413160674935	460.9413160674935
1615000.0	446.9208307170119	446.9208307170119
1616000.0	446.4640128363502	446.4640128363502
1617000.0	431.75125721738095	431.75125721738095
1618000.0	445.24046538506633	445.24046538506633
1619000.0	439.5252108428902	439.5252108428902
1620000.0	447.40179756052544	447.40179756052544
1621000.0	443.67480762668004	443.67480762668004
1622000.0	433.49300116324565	433.49300116324565
1623000.0	449.78650764238455	449.78650764238455
1624000.0	448.3194581489883	448.3194581489883
1625000.0	444.5703316658627	444.5703316658627
1626000.0	456.48583242087903	456.48583242087903
1627000.0	443.9243469095072	443.9243469095072
1628000.0	441.8012505919049	441.8012505919049
1629000.0	447.65033063656676	447.65033063656676
1630000.0	434.2597307338715	434.2597307338715
1631000.0	432.02393925627786	432.02393925627786
1632000.0	446.30100733708355	446.30100733708355
1633000.0	449.92536417879563	449.92536417879563
1634000.0	467.37902708172766	467.37902708172766
1635000.0	465.0788383698611	465.0788383698611
1636000.0	454.1564637122243	454.1564637122243
1637000.0	460.4553181900473	460.4553181900473
1638000.0	449.90222142272955	449.90222142272955
1639000.0	438.7353385161983	438.7353385161983
1640000.0	448.7098663817982	448.7098663817982
1641000.0	450.3841944730289	450.3841944730289
1642000.0	442.4583036228968	442.4583036228968
1643000.0	447.82339820368776	447.82339820368776
1644000.0	445.2726640022083	445.2726640022083
1645000.0	462.3409497062521	462.3409497062521
1646000.0	450.4566413615919	450.4566413615919
1647000.0	464.1561467474655	464.1561467474655
1648000.0	453.91698649725515	453.91698649725515
1649000.0	463.268672362573	463.268672362573
1650000.0	437.18779247995275	437.18779247995275
1651000.0	469.09058482402565	469.09058482402565
1652000.0	449.320633900658	449.320633900658
1653000.0	451.6711329518072	451.6711329518072
1654000.0	444.13866895484233	444.13866895484233
1655000.0	453.2287410559071	453.2287410559071
1656000.0	453.06976038377996	453.06976038377996
1657000.0	448.22286229756986	448.22286229756986
1658000.0	450.944651652606	450.944651652606
1659000.0	470.0515123042706	470.0515123042706
1660000.0	452.4157259731454	452.4157259731454
1661000.0	451.606735717527	451.606735717527
1662000.0	455.02985120211935	455.02985120211935
1663000.0	453.9210113243947	453.9210113243947
1664000.0	450.4596599819493	450.4596599819493
1665000.0	457.67315642787776	457.67315642787776
1666000.0	460.678696096451	460.678696096451
1667000.0	438.39020958873476	438.39020958873476
1668000.0	447.69057890799144	447.69057890799144
1669000.0	446.6320493695459	446.6320493695459
1670000.0	453.5446899865824	453.5446899865824
1671000.0	467.4856850010005	467.4856850010005
1672000.0	452.84940109773737	452.84940109773737
1673000.0	448.470389166829	448.470389166829
1674000.0	455.17675739281685	455.17675739281685
1675000.0	463.9066074646384	463.9066074646384
1676000.0	446.76788728559956	446.76788728559956
1677000.0	469.0211565558201	469.0211565558201
1678000.0	441.7962195579795	441.7962195579795
1679000.0	456.0732876387816	456.0732876387816
1680000.0	444.409338580164	444.409338580164
1681000.0	440.65819968347034	440.65819968347034
1682000.0	435.88576089939113	435.88576089939113
1683000.0	455.0429318903347	455.0429318903347
1684000.0	450.6941061629931	450.6941061629931
1685000.0	449.5570924952697	449.5570924952697
1686000.0	446.63708040347484	446.63708040347484
1687000.0	442.33655260184065	442.33655260184065
1688000.0	449.80160074416784	449.80160074416784
1689000.0	460.8256022871448	460.8256022871448
1690000.0	460.3235051011368	460.3235051011368
1691000.0	444.6156109712127	444.6156109712127
1692000.0	451.90960395999053	451.90960395999053
1693000.0	466.4583478729073	466.4583478729073
1694000.0	464.0585446892649	464.0585446892649
1695000.0	460.2359651107905	460.2359651107905
1696000.0	451.03118543616654	451.03118543616654
1697000.0	467.20595951460666	467.20595951460666
1698000.0	460.789378842867	460.789378842867
1699000.0	450.4526165344487	450.4526165344487
1700000.0	449.5882849056222	449.5882849056222
1701000.0	442.30334777791654	442.30334777791654
1702000.0	440.08466181567786	440.08466181567786
1703000.0	452.3030308131578	452.3030308131578
1704000.0	454.68673468823107	454.68673468823107
1705000.0	447.87270233618466	447.87270233618466
1706000.0	462.679035186215	462.679035186215
1707000.0	445.59163155323733	445.59163155323733
1708000.0	447.89886371260815	447.89886371260815
1709000.0	460.3245113079226	460.3245113079226
1710000.0	430.8527145578446	430.8527145578446
1711000.0	451.2877681664943	451.2877681664943
1712000.0	455.14958980960756	455.14958980960756
1713000.0	437.3900400438583	437.3900400438583
1714000.0	436.68770770751263	436.68770770751263
1715000.0	426.30969092088384	426.30969092088384
1716000.0	460.66360299466766	460.66360299466766
1717000.0	457.9317515717771	457.9317515717771
1718000.0	453.43501344695215	453.43501344695215
1719000.0	463.19622547401	463.19622547401
1720000.0	463.5926709475347	463.5926709475347
1721000.0	450.3791634390999	450.3791634390999
1722000.0	447.3675865298156	447.3675865298156
1723000.0	471.4028480173254	471.4028480173254
1724000.0	475.23951449079374	475.23951449079374
1725000.0	467.3689650138733	467.3689650138733
1726000.0	471.7741383212051	471.7741383212051
1727000.0	450.7695716719134	450.7695716719134
1728000.0	464.99733562022595	464.99733562022595
1729000.0	467.0701215985493	467.0701215985493
1730000.0	446.18126872959897	446.18126872959897
1731000.0	461.40316498208057	461.40316498208057
1732000.0	451.8069708678609	451.8069708678609
1733000.0	463.3179764950662	463.3179764950662
1734000.0	448.06287541866425	448.06287541866425
1735000.0	438.36505441909713	438.36505441909713
1736000.0	438.78061782154833	438.78061782154833
1737000.0	449.2522118392346	449.2522118392346
1738000.0	461.17374983496575	461.17374983496575
1739000.0	464.046470207839	464.046470207839
1740000.0	459.79725895227324	459.79725895227324
1741000.0	456.68405515764135	456.68405515764135
1742000.0	447.3836858383847	447.3836858383847
1743000.0	452.4891790684905	452.4891790684905
1744000.0	446.39860939528785	446.39860939528785
1745000.0	444.2070910162621	444.2070910162621
1746000.0	443.17271044066837	443.17271044066837
1747000.0	448.50258778396363	448.50258778396363
1748000.0	441.38166236231046	441.38166236231046
1749000.0	444.0460979305634	444.0460979305634
1750000.0	454.68874710180637	454.68874710180637
1751000.0	439.31893845184146	439.31893845184146
1752000.0	459.7529858537017	459.7529858537017
1753000.0	458.5425190906332	458.5425190906332
1754000.0	448.0749499000902	448.0749499000902
1755000.0	442.09506297329625	442.09506297329625
1756000.0	451.0835081890208	451.0835081890208
1757000.0	453.92402994475214	453.92402994475214
1758000.0	435.4349802594443	435.4349802594443
1759000.0	445.32096192791204	445.32096192791204
1760000.0	446.982209330931	446.982209330931
1761000.0	452.5495514756312	452.5495514756312
1762000.0	462.96781653368106	462.96781653368106
1763000.0	458.6179845995536	458.6179845995536
1764000.0	466.5348195886135	466.5348195886135
1765000.0	444.7142192362028	444.7142192362028
1766000.0	458.2205329192431	458.2205329192431
1767000.0	466.02366654153326	466.02366654153326
1768000.0	451.08853922294617	451.08853922294617
1769000.0	446.10379080710703	446.10379080710703
1770000.0	464.19337639853285	464.19337639853285
1771000.0	450.3218096523203	450.3218096523203
1772000.0	469.2515779097207	469.2515779097207
1773000.0	455.48968770313843	455.48968770313843
1774000.0	454.58208918252984	454.58208918252984
1775000.0	438.3107192526749	438.3107192526749
1776000.0	455.2572539356662	455.2572539356662
1777000.0	464.79810667667783	464.79810667667783
1778000.0	454.796411227865	454.796411227865
1779000.0	446.15611355995765	446.15611355995765
1780000.0	453.25892725947375	453.25892725947375
1781000.0	451.8562750003541	451.8562750003541
1782000.0	467.1797981381832	467.1797981381832
1783000.0	443.285405600656	443.285405600656
1784000.0	457.03723373938396	457.03723373938396
1785000.0	457.68221228895	457.68221228895
1786000.0	449.78248281524134	449.78248281524134
1787000.0	462.0904042166428	462.0904042166428
1788000.0	463.4226220007711	463.4226220007711
1789000.0	439.20624329185387	439.20624329185387
1790000.0	463.0754806597397	463.0754806597397
1791000.0	442.59615395252575	442.59615395252575
1792000.0	458.8333128516709	458.8333128516709
1793000.0	463.52223647254334	463.52223647254334
1794000.0	457.0462896004525	457.0462896004525
1795000.0	452.04644808283007	452.04644808283007
1796000.0	456.8279427279778	456.8279427279778
1797000.0	456.14975935448774	456.14975935448774
1798000.0	447.49638099837233	447.49638099837233
1799000.0	440.14604042960065	440.14604042960065
1800000.0	434.7668589538122	434.7668589538122
1801000.0	450.0974255391345	450.0974255391345
1802000.0	452.1158763510393	452.1158763510393
1803000.0	454.2087864650749	454.2087864650749
1804000.0	454.66862296609037	454.66862296609037
1805000.0	447.6885664944199	447.6885664944199
1806000.0	462.81587930905454	462.81587930905454
1807000.0	452.8252521348855	452.8252521348855
1808000.0	455.68791043990075	455.68791043990075
1809000.0	433.41451703397155	433.41451703397155
1810000.0	440.15610249745504	440.15610249745504
1811000.0	456.25641727376427	456.25641727376427
1812000.0	448.22286229756986	448.22286229756986
1813000.0	446.06153012211075	446.06153012211075
1814000.0	451.606735717527	451.606735717527
1815000.0	443.92535311629666	443.92535311629666
1816000.0	439.85222804820563	439.85222804820563
1817000.0	440.5414796963359	440.5414796963359
1818000.0	464.3483322435167	464.3483322435167
1819000.0	463.01712066617426	463.01712066617426
1820000.0	451.59566744288685	451.59566744288685
1821000.0	449.88914073451417	449.88914073451417
1822000.0	452.4459121767121	452.4459121767121
1823000.0	446.59280730490696	446.59280730490696
1824000.0	460.1313196050856	460.1313196050856
1825000.0	457.4397164536234	457.4397164536234
1826000.0	464.94400666058954	464.94400666058954
1827000.0	447.50141203229765	447.50141203229765
1828000.0	455.75935112167787	455.75935112167787
1829000.0	449.22504425602165	449.22504425602165
1830000.0	443.2049090578103	443.2049090578103
1831000.0	441.35751339945494	441.35751339945494
1832000.0	460.2349589040047	460.2349589040047
1833000.0	450.8933351065412	450.8933351065412
1834000.0	439.02915089758966	439.02915089758966
1835000.0	444.9858950683139	444.9858950683139
1836000.0	452.0263239471177	452.0263239471177
1837000.0	457.509144721829	457.509144721829
1838000.0	441.2589051344685	441.2589051344685
1839000.0	430.23289117791626	430.23289117791626
1840000.0	440.878558969513	440.878558969513
1841000.0	430.56594562395014	430.56594562395014
1842000.0	450.46066618873505	450.46066618873505
1843000.0	440.6249948595463	440.6249948595463
1844000.0	443.7492669288146	443.7492669288146
1845000.0	460.4291568136238	460.4291568136238
1846000.0	458.794070787032	458.794070787032
1847000.0	446.9630914020045	446.9630914020045
1848000.0	425.2883910335055	425.2883910335055
1849000.0	451.606735717527	451.606735717527
1850000.0	450.4516103276629	450.4516103276629
1851000.0	451.6983005350165	451.6983005350165
1852000.0	451.49705917789674	451.49705917789674
1853000.0	460.967477443917	460.967477443917
1854000.0	455.7533138809631	455.7533138809631
1855000.0	455.6949538874013	455.6949538874013
1856000.0	458.543525297419	458.543525297419
1857000.0	468.62471108229545	468.62471108229545
1858000.0	450.17590966840856	450.17590966840856
1859000.0	452.495216309209	452.495216309209
1860000.0	443.4041380013548	443.4041380013548
1861000.0	445.8160156664268	445.8160156664268
1862000.0	443.0580028671091	443.0580028671091
1863000.0	438.6196247358533	438.6196247358533
1864000.0	433.73650320535796	433.73650320535796
1865000.0	432.92449432938577	432.92449432938577
1866000.0	437.2753324702954	437.2753324702954
1867000.0	456.54419241444083	456.54419241444083
1868000.0	447.2196741323323	447.2196741323323
1869000.0	465.3414583409	465.3414583409
1870000.0	445.2334219375694	445.2334219375694
1871000.0	443.18679733566955	443.18679733566955
1872000.0	442.89097254070293	442.89097254070293
1873000.0	449.28843528351604	449.28843528351604
1874000.0	440.5847465881216	440.5847465881216
1875000.0	461.81369735059906	461.81369735059906
1876000.0	450.8198820111925	450.8198820111925
1877000.0	457.88747847321287	457.88747847321287
1878000.0	457.6902619432327	457.6902619432327
1879000.0	458.9460080116585	458.9460080116585
1880000.0	465.34749558161116	465.34749558161116
1881000.0	458.53245702277525	458.53245702277525
1882000.0	458.3201473910154	458.3201473910154
1883000.0	464.01829641784025	464.01829641784025
1884000.0	453.03655555985955	453.03655555985955
1885000.0	442.4552850025394	442.4552850025394
1886000.0	449.02782772604877	449.02782772604877
1887000.0	423.61607535584636	423.61607535584636
1888000.0	443.9676138012893	443.9676138012893
1889000.0	458.5837735688437	458.5837735688437
1890000.0	454.13533336972984	454.13533336972984
1891000.0	446.34628664243724	446.34628664243724
1892000.0	453.8586265036898	453.8586265036898
1893000.0	462.59552002300825	462.59552002300825
1894000.0	458.204433610674	458.204433610674
1895000.0	467.1304940056863	467.1304940056863
1896000.0	452.2275653042411	452.2275653042411
1897000.0	460.6988202321633	460.6988202321633
1898000.0	460.19169201222263	460.19169201222263
1899000.0	464.3926053420846	464.3926053420846
1900000.0	448.55491053681794	448.55491053681794
1901000.0	440.86547828130125	440.86547828130125
1902000.0	436.7128628771503	436.7128628771503
1903000.0	448.33354504398585	448.33354504398585
1904000.0	441.3202837483876	441.3202837483876
1905000.0	449.20995115424194	449.20995115424194
1906000.0	441.88778437546534	441.88778437546534
1907000.0	451.356190227914	451.356190227914
1908000.0	454.00955752153044	454.00955752153044
1909000.0	441.3434265044574	441.3434265044574
1910000.0	453.29515070375527	453.29515070375527
1911000.0	458.69747493561715	458.69747493561715
1912000.0	454.7984236414329	454.7984236414329
1913000.0	457.22841302864566	457.22841302864566
1914000.0	451.5684998596739	451.5684998596739
1915000.0	450.75850339726964	450.75850339726964
1916000.0	445.336055029699	445.336055029699
1917000.0	437.9796772202126	437.9796772202126
1918000.0	446.3664107781459	446.3664107781459
1919000.0	430.32546220219155	430.32546220219155
1920000.0	440.9328941359352	440.9328941359352
1921000.0	457.7264853875142	457.7264853875142
1922000.0	466.0709582604549	466.0709582604549
1923000.0	447.3223072244619	447.3223072244619
1924000.0	442.62030291537764	442.62030291537764
1925000.0	452.5425080281306	452.5425080281306
1926000.0	438.61559990871007	438.61559990871007
1927000.0	440.6652431309673	440.6652431309673
1928000.0	452.0746218728288	452.0746218728288
1929000.0	454.0316940708107	454.0316940708107
1930000.0	457.42965438576545	457.42965438576545
1931000.0	450.2362820755456	450.2362820755456
1932000.0	437.7884979309545	437.7884979309545
1933000.0	451.66912053823194	451.66912053823194
1934000.0	448.0306768015223	448.0306768015223
1935000.0	456.8712096197599	456.8712096197599
1936000.0	464.3221708670896	464.3221708670896
1937000.0	473.1455981699723	473.1455981699723
1938000.0	470.7286894709749	470.7286894709749
1939000.0	473.6154967388457	473.6154967388457
1940000.0	470.5958701752749	470.5958701752749
1941000.0	451.2022405897159	451.2022405897159
1942000.0	457.6973053907333	457.6973053907333
1943000.0	452.66526525597624	452.66526525597624
1944000.0	458.43183634421723	458.43183634421723
1945000.0	447.5305920290822	447.5305920290822
1946000.0	459.0496473105739	459.0496473105739
1947000.0	463.1972316807958	463.1972316807958
1948000.0	455.5721966595557	455.5721966595557
1949000.0	455.10129188390016	455.10129188390016
1950000.0	467.43134983457827	467.43134983457827
1951000.0	458.4922087513542	458.4922087513542
1952000.0	446.6491548849008	446.6491548849008
1953000.0	455.32466979030016	455.32466979030016
1954000.0	449.46150285064067	449.46150285064067
1955000.0	435.1894658037603	435.1894658037603
1956000.0	439.47389429682175	439.47389429682175
1957000.0	452.08367773390097	452.08367773390097
1958000.0	449.873041425945	449.873041425945
1959000.0	441.61812095692585	441.61812095692585
1960000.0	447.0063582937866	447.0063582937866
1961000.0	436.60218013073427	436.60218013073427
1962000.0	436.91913526819906	436.91913526819906
1963000.0	431.1988496920866	431.1988496920866
1964000.0	444.0813151680627	444.0813151680627
1965000.0	443.245157329235	443.245157329235
1966000.0	438.331849595173	438.331849595173
1967000.0	452.01726808604917	452.01726808604917
1968000.0	449.4353414742099	449.4353414742099
1969000.0	453.4752617183768	453.4752617183768
1970000.0	442.84669944213874	442.84669944213874
1971000.0	448.9644366985543	448.9644366985543
1972000.0	454.68874710180637	454.68874710180637
1973000.0	465.39277488696115	465.39277488696115
1974000.0	440.7527831213136	440.7527831213136
1975000.0	429.79921605332436	429.79921605332436
1976000.0	448.55390433003214	448.55390433003214
1977000.0	451.36826470933994	451.36826470933994
1978000.0	433.0080094925889	433.0080094925889
1979000.0	447.7338457997735	447.7338457997735
1980000.0	434.70447413310353	434.70447413310353
1981000.0	449.90423383630116	449.90423383630116
1982000.0	462.2856083330478	462.2856083330478
1983000.0	443.0640401078276	443.0640401078276
1984000.0	454.51366712111377	454.51366712111377
1985000.0	459.94919617689607	459.94919617689607
1986000.0	454.50360505325574	454.50360505325574
1987000.0	471.7187969480008	471.7187969480008
1988000.0	446.18831217709595	446.18831217709595
1989000.0	444.8017592265491	444.8017592265491
1990000.0	452.9842328070053	452.9842328070053
1991000.0	451.22337093221773	451.22337093221773
1992000.0	445.7979039442897	445.7979039442897
1993000.0	446.24868458423293	446.24868458423293
1994000.0	449.4796145727778	449.4796145727778
1995000.0	445.7335067100095	445.7335067100095
1996000.0	443.8146703698806	443.8146703698806
1997000.0	457.39443714826973	457.39443714826973
1998000.0	470.0827047146194	470.0827047146194
1999000.0	456.8289489347636	456.8289489347636
2000000.0	468.90946760261824	468.90946760261824
