0	432.8379605458253
1000	456.84303582976486
2000	451.40448815362146
3000	453.85661409011817
4000	447.77711269155196
5000	474.7998021254943
6000	461.07413536318984
7000	471.0838804662891
8000	462.21618006483857
9000	466.626384406103
10000	455.91430696665816
11000	448.0558319711636
12000	464.94702528094695
13000	455.8046304270279
14000	470.1239591928336
15000	439.7244397864383
16000	443.48765316456155
17000	466.9181843739264
18000	458.2255639531721
19000	463.20628754186805
20000	445.3913964029034
21000	455.18983808103224
22000	456.2835848569735
23000	462.1266276609243
24000	471.09696115450447
25000	448.79338154500493
26000	463.62688197824457
27000	465.6714941665728
28000	459.61111069693317
29000	452.8725438538071
30000	444.1849544669781
31000	445.48597984075394
32000	456.5955089605093
33000	465.6000534847957
34000	457.22841302864936
35000	457.95690674141844
36000	449.31459665994316
37000	448.55189191646053
38000	443.63455935525906
39000	461.16972500782254
40000	449.1606470217451
41000	457.7013302178765
42000	451.42561849611957
43000	444.1366565412707
44000	451.9307343024887
45000	451.23343300007207
46000	447.1502458641267
47000	444.93256610867746
48000	426.82889362225046
49000	445.1277702250824
50000	441.8304305886857
51000	439.98303493033035
52000	451.24550748150165
53000	460.06490995723743
54000	449.49168905420737
55000	449.53394973920365
56000	440.2587355895883
57000	430.19465532006683
58000	449.1777525371037
59000	443.1878035424517
60000	445.7214322285799
61000	448.527742953605
62000	457.9247081242765
63000	442.9563759817653
64000	446.5998507524076
65000	449.22001322209627
66000	453.04158659378857
67000	450.4234365376678
68000	449.46552767778024
69000	447.16634517269586
70000	458.28392394673756
71000	440.5364486624105
72000	452.0414170489047
73000	456.50193172944455
74000	459.6483403480041
75000	449.71003592668205
76000	448.5730222589587
77000	469.7657495771583
78000	451.45177987254306
79000	443.6717890063227
80000	453.85359546976076
81000	447.1904941355514
82000	462.1135469727089
83000	454.4110340289768
84000	437.5902751941885
85000	449.75330281846044
86000	449.56614835633826
87000	454.97954086284034
88000	458.1762598206753
89000	458.08670741675735
90000	457.0895564922346
91000	441.3031782330327
92000	443.3246476652949
93000	449.83782418844936
94000	454.00955752153044
95000	447.1713762066212
96000	450.4828027380154
97000	447.1925065491193
98000	457.2887854357827
99000	472.6163334007513
100000	458.15714189175236
101000	475.2536013857949
102000	467.871062199885
103000	458.3191411842296
104000	453.3746410398188
105000	464.36241913851427
106000	465.1060059530704
107000	457.494051620042
108000	468.58949384479973
109000	470.6210253449126
110000	464.1853267442501
111000	453.780142374412
112000	463.3511813189903
113000	453.79523547619533
114000	455.7945683591736
115000	452.8151900670275
116000	459.57488725265534
117000	450.7554847769122
118000	472.701860977526
119000	458.57874253491474
120000	466.19774031544006
121000	455.6275380327674
122000	453.6392734244293
123000	457.98910535855305
124000	462.28258971269037
125000	446.79203624845513
126000	448.46032709897105
127000	438.71219576012857
128000	436.94429043783674
129000	444.6840330326361
130000	448.6967856935828
131000	440.7497645009562
132000	457.5192067896833
133000	456.7293344629914
134000	446.56966454883724
135000	444.17086757198064
136000	459.06373420557145
137000	463.84019781679393
138000	439.8804018382007
139000	446.76989969917116
140000	464.17023364246677
141000	460.3496664775639
142000	446.57167696240884
143000	455.1133663653261
144000	455.19688152852916
145000	456.6267013708618
146000	461.3749911920818
147000	465.02249078986364
148000	450.2342696619777
149000	458.9611011134418
150000	453.6825403162077
151000	457.91162743606475
152000	453.4581562030219
153000	450.1155372612752
154000	459.6926134465683
155000	460.39393957612816
156000	440.54952935062227
157000	449.5530676681265
158000	451.46284814718683
159000	454.60120711146004
160000	462.4767876223095
161000	455.7452642266804
162000	445.05632954330525
163000	445.65904740787494
164000	452.8091528263127
165000	450.88729786582644
166000	452.0404108421189
167000	444.27350066411026
168000	457.6107716071728
169000	441.21161341554324
170000	448.4402029632587
171000	441.1894768662629
172000	449.3347207956555
173000	443.1042883792486
174000	438.1789061637607
175000	453.1542817537725
176000	442.2912732964906
177000	443.5601000531245
178000	448.0749499000902
179000	453.13617003163176
180000	444.4063199598102
181000	453.57588239693484
182000	449.4081738910006
183000	445.24247779863794
184000	426.84901775796277
185000	443.24314491565974
186000	448.4170602071926
187000	445.3873715757639
188000	450.4033124019555
189000	434.86043618486957
190000	447.6563678772816
191000	428.9258285634293
192000	429.3313298980262
193000	444.6649151037059
194000	449.88511590737096
195000	444.7967281926201
196000	455.8026180134563
197000	446.1299521835305
198000	445.47289915253856
199000	443.2542131903035
200000	449.87907866665984
201000	460.5086471496874
202000	448.949343596771
203000	456.44759656302597
204000	448.60320846252534
205000	449.6023718006234
206000	454.04074993188294
207000	444.27551307768186
208000	431.84684686201365
209000	437.07509731996146
210000	447.8113237222618
211000	455.05500637176067
212000	462.3037200551885
213000	457.8733915782154
214000	451.7143998435856
215000	459.01543627986405
216000	442.72192980072515
217000	444.2795379048251
218000	450.07327657628264
219000	466.00756723296047
220000	468.8259524394152
221000	454.18765612258045
222000	462.72230207799345
223000	451.2213585186461
224000	457.4085240432673
225000	467.803646345251
226000	457.6641005668092
227000	451.49605297111094
228000	448.14538437507787
229000	451.7395550132233
230000	464.5888156652717
231000	440.05145699175375
232000	448.7289843107284
233000	448.4190726207642
234000	449.8237372934518
235000	454.35569265577243
236000	457.04628960045613
237000	462.67098553192864
238000	454.6505112439496
239000	447.8143423426192
240000	453.40885207052867
241000	452.0192804996208
242000	448.2953091861365
243000	443.21497112566465
244000	448.1041298968711
245000	451.4698915946838
246000	459.4018196855307
247000	439.4527639543272
248000	435.76904091226027
249000	452.97517694593677
250000	449.67180006882893
251000	439.31692603826986
252000	432.09034890412596
253000	446.39659698171624
254000	455.1385215349638
255000	435.26794993303804
256000	454.5448595314662
257000	439.4266025779001
258000	458.8775859502351
259000	438.8188536794014
260000	441.09992446234503
261000	437.45745589848855
262000	446.3392431949366
263000	450.6216592744301
264000	455.1697139453199
265000	464.5203936038519
266000	462.9497048115403
267000	456.90240203011604
268000	453.1240955502059
269000	472.4885451389767
270000	460.58813748575096
271000	476.2004419710387
272000	469.70034613609596
273000	441.578878892287
274000	464.85143563631425
275000	461.7412504620398
276000	449.2713297681611
277000	448.23191815864203
278000	458.19034671567647
279000	457.5061261014716
280000	461.4474380806484
281000	467.01478022534127
282000	441.2880851312494
283000	449.3518263110104
284000	457.9981612196253
285000	453.6382672176435
286000	450.7021558172758
287000	457.4588343825463
288000	443.65770211132514
289000	462.74343242049156
290000	448.771244995721
291000	447.7942182069069
292000	467.49172224171525
293000	460.0377423740282
294000	455.88713938344887
295000	445.82004049357
296000	460.3758278539874
297000	450.7071868512048
298000	452.7246314563238
299000	445.4215826064774
300000	441.2870789244636
301000	456.1175607373495
302000	445.29882537863176
303000	440.02932044246984
304000	459.04662869021655
305000	449.9666186570061
306000	474.57642421909065
307000	456.8088247990513
308000	449.9817117587931
309000	452.7950659313115
310000	462.3681172894687
311000	456.0662441912846
312000	470.3765170960181
313000	454.23595404828785
314000	448.16349609722226
315000	462.81990413619775
316000	456.0410890216433
317000	465.21568249269694
318000	472.0709693229575
319000	437.24313385316077
320000	463.00907101188784
321000	446.98522795128844
322000	458.4459232392184
323000	470.4489639845811
324000	464.11287985568714
325000	460.40802647112935
326000	449.78449522881294
327000	452.10782669675285
328000	463.79894333858346
329000	451.32298540398995
330000	465.51251349444937
331000	441.7630147340518
332000	447.0838362162749
333000	449.67381248240054
334000	460.29935613828127
335000	451.84319431213873
336000	462.3117697094712
337000	461.9223676834472
338000	449.0932311671111
339000	461.73923804846817
340000	456.55224206872356
341000	452.58275629955165
342000	464.77697633417966
343000	455.54100424920324
344000	449.8901469413
345000	459.5265893269443
346000	446.1923370042428
347000	438.9858840058112
348000	440.211443870663
349000	465.43704798552903
350000	451.4829722828992
351000	456.49589448873337
352000	464.2698481142427
353000	463.84824747107666
354000	455.61143872419456
355000	466.29031133971534
356000	455.0721118871156
357000	449.1536035742481
358000	466.7954271460808
359000	468.7504869304948
360000	465.1150618141389
361000	468.32989249411827
362000	455.9515366177254
363000	455.95757385843655
364000	460.2762133822152
365000	456.15378418163095
366000	444.6709523444207
367000	440.0424011306852
368000	443.2964738752998
369000	451.8532563799967
370000	449.1817773642432
371000	452.7779604159602
372000	444.6800082054929
373000	452.0464480828337
374000	452.08065911354356
375000	451.5312702086103
376000	447.9793602554575
377000	459.5708624255122
378000	444.5240461537232
379000	441.0787941198469
380000	436.0175739883053
381000	456.33087657589516
382000	442.0829884918703
383000	424.57197180215866
384000	447.1693637930532
385000	443.3890448995751
386000	457.8703729578543
387000	467.30154915923936
388000	465.6896058887136
389000	445.76570532714777
390000	478.62439411753667
391000	447.8012616544075
392000	455.97669178736675
393000	435.80828297690283
394000	459.61312311050847
395000	456.14674073413033
396000	454.3587112761262
397000	447.45009548623653
398000	432.5421357508587
399000	439.77173150536
400000	447.6835354604945
401000	447.22470516626123
402000	447.7841561390526
403000	461.7925670081046
404000	456.066244191281
405000	454.435182991836
406000	452.22857151102323
407000	443.6526710773961
408000	437.8901248162947
409000	434.39657485671097
410000	451.64295916180845
411000	455.41321598743224
412000	432.66086815155745
413000	447.1743948269822
414000	440.1400031888859
415000	459.4732603673079
416000	459.2267397048381
417000	447.96024232653093
418000	448.42611606826114
419000	442.94832632748256
420000	459.04361006985914
421000	435.914940896172
422000	456.89032754868646
423000	453.3927527619595
424000	454.48448712432923
425000	437.520846925983
426000	442.6192967085955
427000	442.63036498323567
428000	448.8396670571408
429000	450.7393854683431
430000	442.71790497358194
431000	452.2748570231627
432000	439.0633619282995
433000	444.6488157951368
434000	449.90222142272955
435000	443.16365457959984
436000	453.70970789942066
437000	447.7559823490538
438000	432.8641219222524
439000	456.15881521555997
440000	457.4880143793308
441000	448.1775829922198
442000	446.52941627741257
443000	443.39105731314305
444000	441.7096857744154
445000	457.3380895682759
446000	460.4734299121917
447000	462.69211587442675
448000	458.96814456093875
449000	465.3273714458988
450000	468.20814147305845
451000	444.1819358466208
452000	449.3236525210117
453000	443.7442358948856
454000	444.813833707975
455000	448.8839401557086
456000	443.74826072203246
457000	453.7791361676262
458000	445.473905359328
459000	445.48497363396814
460000	450.2141455262653
461000	452.1671928971041
462000	450.26244345197273
463000	450.8500682147591
464000	446.4589818024249
465000	448.3516567661266
466000	448.9473311831994
467000	435.67043264727386
468000	449.95454417558017
469000	452.15109358853493
470000	457.02817787831174
471000	447.0959106977045
472000	448.5659788114581
473000	464.91281425023703
474000	452.57269423169726
475000	481.0262097147544
476000	464.1038239946186
477000	467.7462925584714
478000	463.0684372122427
479000	454.1786002615083
480000	454.44222643933296
481000	440.8695031084444
482000	452.9973134952207
483000	450.51801997551104
484000	442.2480064047085
485000	458.4841590970715
486000	462.37717315053726
487000	461.6134622002688
488000	466.71493060323877
489000	465.33843972054257
490000	449.8609669445191
491000	465.28511076090615
492000	453.60808101407315
493000	457.509144721829
494000	453.59500032586504
495000	450.81585718404926
496000	446.0977535663959
497000	449.6778373095401
498000	453.3655851787466
499000	444.7977343994059
500000	444.5834123540744
501000	456.95069995582344
502000	449.80160074417154
503000	436.03669191722815
504000	436.6856952939374
505000	443.8458627802331
506000	440.989241715929
507000	452.4760983802788
508000	446.38351629350086
509000	444.05314137806397
510000	446.9198245102261
511000	453.4672120640904
512000	456.8762406536853
513000	462.7605379358465
514000	466.1313306675919
515000	442.1997084790011
516000	454.4311581646928
517000	449.77946419488393
518000	444.6196357983559
519000	446.32213767958535
520000	448.01357128616735
521000	463.06642479866747
522000	459.09291420235235
523000	451.8250825900016
524000	445.1136833300848
525000	443.925353116293
526000	446.5042611077749
527000	445.98304599283665
528000	433.8582542264178
529000	445.5956563803842
530000	449.28843528351604
531000	436.40093877361454
532000	449.1334794385358
533000	435.8535622822492
534000	457.86332951035735
535000	446.11083425460765
536000	440.54349210991114
537000	451.8975294785646
538000	440.39658591921363
539000	453.38772172803056
540000	446.8926569270168
541000	452.1752425513905
542000	455.98172282129576
543000	461.59434427134227
544000	440.6068831374019
545000	444.281550318393
546000	456.93158202689693
547000	444.645797174783
548000	461.49573600635216
549000	447.0989293180619
550000	461.785523560604
551000	456.9496937490377
552000	456.7313468765593
553000	455.674829751689
554000	438.1376516855539
555000	451.2867619597085
556000	443.9414524248658
557000	445.5795570718114
558000	446.113852874965
559000	444.00283103878496
560000	452.83732661631143
561000	452.261776334951
562000	443.396088347072
563000	450.54418135193816
564000	438.6417612851372
565000	448.8396670571408
566000	449.0268215192593
567000	436.48445393681766
568000	449.4564718167117
569000	462.0974476641398
570000	453.1985548523404
571000	447.93810577725066
572000	456.6558813676426
573000	462.69010346085514
574000	463.2978523593539
575000	447.26495343768227
576000	449.9495131416512
577000	428.4036072417053
578000	453.47727413194843
579000	436.6072111646633
580000	448.1312974800803
581000	440.683354853108
582000	465.40585557517653
583000	464.72666599490066
584000	451.4859909032566
585000	471.52258662481
586000	451.27871230542206
587000	456.88831513511485
588000	454.6263622810977
589000	434.4398417484894
590000	437.84786413130206
591000	432.2342364744661
592000	443.63053452811585
593000	436.70280080929234
594000	434.8292437745171
595000	444.7947157790485
596000	460.4522995696936
597000	459.4964031233776
598000	452.9127921252281
599000	451.93475912963186
600000	449.8287683273808
601000	455.19688152853286
602000	455.24920428138347
603000	446.86247072344645
604000	462.51502348016254
605000	443.9867317302158
606000	443.4393552388541
607000	423.88875739474327
608000	442.92618977819865
609000	446.61896868133414
610000	437.87100688737183
611000	446.91479347629706
612000	457.43468541969077
613000	452.9288914337973
614000	460.7974284971498
615000	443.85190002094424
616000	446.7336762548897
617000	454.5730333214613
618000	459.0083928323634
619000	439.11669088793593
620000	456.06020695056986
621000	447.79019337976735
622000	458.9037473266622
623000	435.71671815940965
624000	461.12947673639786
625000	460.5116657700448
626000	462.88530757726375
627000	449.182783571029
628000	453.84856443583175
629000	456.6428006794309
630000	458.0665832810487
631000	449.3236525210117
632000	458.55056874491964
633000	439.03116331116127
634000	442.28422984899004
635000	450.6981309901363
636000	454.1715568140113
637000	453.43903827409537
638000	452.0796529067541
639000	447.06974932127736
640000	444.7383681990583
641000	446.7548065973878
642000	439.2112743257828
643000	443.99981241842755
644000	434.552536908477
645000	447.8284292376168
646000	443.2542131903035
647000	449.14253529960433
648000	453.4611748233793
649000	448.3003402200618
650000	429.31623679624283
651000	453.7409003097731
652000	456.7232972222766
653000	443.8428441598757
654000	449.7482717845314
655000	449.90020900915795
656000	436.08901467008246
657000	440.63908175454014
658000	442.09506297329625
659000	447.30520170910694
660000	433.1257356865055
661000	433.7918445785697
662000	429.9521594847366
663000	463.1740889247261
664000	459.51652725908997
665000	451.8170329357189
666000	455.78350008453344
667000	456.653868954071
668000	455.1656891181767
669000	439.24347294292113
670000	449.5279124984852
671000	437.69995173381875
672000	445.56848879717126
673000	462.0451249112891
674000	451.88847361749606
675000	446.52639765705516
676000	462.6850724269261
677000	461.5249160031367
678000	456.4093607051692
679000	451.8874674107066
680000	449.63356421097586
681000	449.1576284013913
682000	460.95741537605903
683000	451.2414826543548
684000	464.9550749352297
685000	442.67564428858566
686000	453.0466176277139
687000	453.6604037669274
688000	457.23143164900307
689000	459.544701049085
690000	445.6862149910842
691000	452.9540466034386
692000	441.13212307948334
693000	445.7254570557268
694000	450.3177848251771
695000	444.12961309377016
696000	444.9667771393873
697000	440.6068831374019
698000	460.31042441292504
699000	454.1303023357972
700000	462.22523592591074
701000	450.69008133584987
702000	452.94499074236643
703000	453.66040376692376
704000	450.25640621125797
705000	459.97334513974795
706000	456.25339865340317
707000	437.4816048613441
708000	458.65320183704927
709000	450.63272754907024
710000	459.45414243838496
711000	444.14873102269667
712000	445.0774598857997
713000	459.3082424544696
714000	451.80193983393553
715000	436.9422780242688
716000	440.1933321485223
717000	452.5706818181257
718000	442.08701331901347
719000	454.3255064522058
720000	455.9394621362995
721000	464.46002119671857
722000	453.7871858219126
723000	459.4823162283764
724000	458.5646556399135
725000	449.3800001010055
726000	447.7398830404847
727000	449.7764455745302
728000	437.7291317306033
729000	436.87385596284537
730000	451.9478398178436
731000	446.05951770853915
732000	453.77712375405457
733000	434.17017832995356
734000	441.43297890837897
735000	453.70467686549165
736000	454.06489889473846
737000	437.67580277096323
738000	433.34106393862277
739000	449.2341001170938
740000	450.1105062273462
741000	436.72996839250527
742000	455.0902236092563
743000	447.50141203229765
744000	438.2040613334021
745000	448.45328365147043
746000	442.5971601593079
747000	465.2579431776969
748000	456.07831867271057
749000	448.0729374865186
750000	444.7232750972713
751000	448.7893567178617
752000	457.07748201080864
753000	446.93290519844146
754000	463.84623505750506
755000	450.3087289641086
756000	464.7145915134747
757000	466.83668162429495
758000	459.7932341251264
759000	449.8861221141604
760000	454.2480285297175
761000	459.0788273073548
762000	465.8375182861969
763000	444.4234254751615
764000	452.2406459924492
765000	449.9676248637919
766000	451.50309641861156
767000	453.8837816733311
768000	446.4680376634934
769000	447.25589757661373
770000	454.196711983649
771000	460.4965726682578
772000	449.5762104241963
773000	457.7023364246623
774000	443.8629682955881
775000	436.9845387092614
776000	443.73417382703127
777000	451.0241419886696
778000	435.091863745556
779000	454.8648332892847
780000	434.1641410892388
781000	445.24549641899534
782000	432.5592412662136
783000	427.39035700861336
784000	419.8679550795065
785000	433.90252732498203
786000	446.40162801564526
787000	439.3702549979063
788000	457.4678902436185
789000	439.49401843253406
790000	458.26883084495057
791000	450.01391037592776
792000	453.6443044583546
793000	461.39209670744043
794000	443.85190002094424
795000	465.0617328545025
796000	443.80963933595166
797000	447.67246718585073
798000	449.11738012996665
799000	440.2909342067266
800000	446.49822386706376
801000	446.38150387992926
802000	451.5715184800313
803000	433.8854218096271
804000	451.9629329196306
805000	440.05749423246857
806000	445.29178193113484
807000	441.13413549305494
808000	453.3947651755311
809000	447.1693637930532
810000	457.2012454454364
811000	440.6219762391889
812000	446.364398364578
813000	441.0858375673475
814000	454.9946339646273
815000	439.5231984293186
816000	451.8512439664251
817000	445.6811839571589
818000	440.69140450739445
819000	429.96222155259096
820000	438.19601167911566
821000	450.1567917394857
822000	465.6916183022852
823000	445.4970481153941
824000	449.2995035581598
825000	456.9768613322469
826000	437.4765738274151
827000	440.522361767413
828000	443.6888945216813
829000	446.18026252281317
830000	444.18092963983497
831000	446.6260121288347
832000	456.3530131251791
833000	455.04796292426374
834000	455.31460772244213
835000	455.70501595525565
836000	456.7534834258433
837000	450.87924821154365
838000	451.2485261018554
839000	458.2235515395969
840000	444.51398408586886
841000	428.61792928703676
842000	459.0345542087906
843000	444.5934744219324
844000	452.1551184156745
845000	433.73147217143264
846000	447.2820589530372
847000	438.09136617341443
848000	452.4620114852849
849000	449.6858869638265
850000	445.29077572434903
851000	433.82504940249373
852000	436.025623642588
853000	438.68502817691564
854000	430.69172147214954
855000	427.7616473124967
856000	437.7703862088101
857000	421.8582321014125
858000	428.956014766996
859000	431.5842268909711
860000	453.3192996666108
861000	444.73333716512934
862000	437.5731696788336
863000	436.2449767218485
864000	437.50474761741384
865000	441.74892783905426
866000	438.5512026744298
867000	433.96088731854746
868000	463.23244891829154
869000	461.07916639711885
870000	451.69025088073374
871000	431.3598427777853
872000	446.30402595744096
873000	445.75664946607924
874000	451.4205874621906
875000	440.91780103415186
876000	442.74909738393444
877000	436.31339878326827
878000	437.63756691311016
879000	457.0684261497364
880000	464.1974012256797
881000	452.9037362641596
882000	462.13266490163545
883000	456.25038003304945
884000	448.0347016286618
885000	454.0337064843823
886000	439.38937292683283
887000	455.55609735098653
888000	453.5446899865824
889000	455.0348822360483
890000	453.37967207374413
891000	449.1284484046068
892000	449.36792561957594
893000	455.71105319597046
894000	445.01306265152317
895000	442.52873809788815
896000	457.4095302500531
897000	448.8064622332167
898000	454.90105673356624
899000	450.1557855326999
900000	435.6130788604942
901000	433.1800708529241
902000	441.72075404905553
903000	444.67195855120286
904000	428.5112713677639
905000	456.8983772029692
906000	449.7925448830993
907000	432.7011164229821
908000	443.63455935525906
909000	444.96174610545836
910000	447.0224576023557
911000	447.6131009855032
912000	446.34930526279464
913000	453.72480100120396
914000	439.4326398186149
915000	448.939281528913
916000	439.58658945680935
917000	444.5713378726448
918000	444.5200213265837
919000	438.8440088490427
920000	438.88626953403536
921000	443.12240010138936
922000	446.070585983183
923000	442.218826407924
924000	455.31863254958904
925000	457.8240874457185
926000	447.4219216962378
927000	463.9146571189248
928000	441.06068239770616
929000	442.89499736784614
930000	455.7955745659594
931000	447.4802816898032
932000	447.4128658351656
933000	453.8425271951206
934000	428.4961782659806
935000	451.2616067900671
936000	447.31425757017917
937000	440.4891569434889
938000	448.6444629407358
939000	444.8621316336861
940000	445.52119707824596
941000	443.1374932031727
942000	440.1701893924562
943000	438.2121109876848
944000	448.9030580846352
945000	454.58108297574404
946000	450.46469101587826
947000	442.6615573935881
948000	434.28790452386653
949000	458.64917700990605
950000	443.6989565895356
951000	439.872352183918
952000	446.8554272759459
953000	456.20711314126737
954000	445.9015432432015
955000	437.6607096691835
956000	444.0662220662794
957000	432.0138771884198
958000	437.4403503831373
959000	444.90539852546453
960000	460.8749064196417
961000	441.86665403296723
962000	439.80493632928403
963000	457.12477372973024
964000	441.0828189469901
965000	451.5775557207461
966000	465.62923348158023
967000	458.51937633456714
968000	454.53077263646503
969000	442.33957122219437
970000	448.46435192611426
971000	444.17187377876644
972000	445.86129497177683
973000	429.5627574587126
974000	449.32767734815127
975000	443.08818907067945
976000	429.5627574587126
977000	446.21950458745204
978000	443.47960351027876
979000	457.8774164053549
980000	429.55873263157304
981000	444.6498220019226
982000	452.1621618631751
983000	440.46601418741915
984000	442.2761801947036
985000	437.9394289487879
986000	445.33102399577007
987000	432.3730930108809
988000	426.1768716251838
989000	444.90741093903614
990000	416.69940991166663
991000	432.50993713372037
992000	426.54916813585663
993000	426.9546694704498
994000	439.53728532431614
995000	430.6303428582304
996000	430.8416462832008
997000	440.1883011145969
998000	447.593983056573
999000	441.2468306530389
1000000	444.27350066411026
1001000	443.77240968488434
1002000	447.91295060760933
1003000	441.7791140426209
1004000	440.9409437902216
1005000	441.8052754190481
1006000	446.2889328556576
1007000	440.700460368463
1008000	444.92854128153425
1009000	438.80376057761805
1010000	445.09657781472623
1011000	439.3139074179125
1012000	449.5902973191938
1013000	428.91073546164597
1014000	442.7933704825023
1015000	445.99713288783784
1016000	446.25472182494775
1017000	447.6875602876377
1018000	445.6530101671602
1019000	443.39407593350046
1020000	437.1244014524583
1021000	448.09708644937047
1022000	427.31086667255346
1023000	442.7299794550079
1024000	440.8352920777309
1025000	451.8250825900016
1026000	455.88613317666307
1027000	447.5678216801495
1028000	444.59246821514296
1029000	454.78232433286377
1030000	469.8643578421484
1031000	437.22200351065896
1032000	454.56397746038914
1033000	435.74388574262264
1034000	437.2954566060114
1035000	428.46901068276765
1036000	441.45008442373023
1037000	462.4325145237416
1038000	454.0518182065231
1039000	445.17204332365026
1040000	444.3399103119584
1041000	439.7536197832192
1042000	449.3236525210117
1043000	442.15644158721904
1044000	445.458812257541
1045000	447.0476127719934
1046000	442.8386497878523
1047000	443.875042777014
1048000	452.59986181490655
1049000	436.1413374229331
1050000	432.6004957444204
1051000	451.32902264470107
1052000	443.14353044389117
1053000	438.2563840862527
1054000	436.4220691161127
1055000	436.59413047645154
1056000	449.6023718006234
1057000	438.7393633433378
1058000	447.47826927622793
1059000	422.31303756849894
1060000	431.0559683285359
1061000	431.10829108138654
1062000	449.5661483563419
1063000	437.6425979470428
1064000	430.39589667718656
1065000	440.41570384814014
1066000	436.1876229350689
1067000	450.09943795270607
1068000	423.3937036562285
1069000	455.09324222961374
1070000	445.7003018860854
1071000	434.51631346419555
1072000	438.24632201839836
1073000	440.0232832017587
1074000	441.4380099423043
1075000	433.65600666251225
1076000	440.6531686495377
1077000	436.62934771394356
1078000	446.4760873177798
1079000	430.9563538567637
1080000	450.48783377194434
1081000	446.6501610916866
1082000	431.38298553385135
1083000	444.31978617624605
1084000	431.8206854855865
1085000	436.62230426644663
1086000	426.4847709015764
1087000	436.22988362006515
1088000	440.1490590499544
1089000	437.55103312954964
1090000	435.5345947312165
1091000	425.8729971759345
1092000	435.5064209412214
1093000	438.7464067908384
1094000	442.84368082178133
1095000	446.59985075240394
1096000	443.6727952131121
1097000	436.18359810792936
1098000	434.8242127405881
1099000	414.3951963726569
1100000	435.79117746154424
1101000	436.391882912546
1102000	446.653179712044
1103000	437.2743262635096
1104000	433.03920190294133
1105000	438.11249651591254
1106000	422.474030654194
1107000	439.1136722675822
1108000	432.66288056512906
1109000	442.3757946664795
1110000	437.5480145091959
1111000	454.04477475902615
1112000	447.67850442656186
1113000	446.24969079101874
1114000	453.3233244937503
1115000	448.2309119518562
1116000	433.21931291756295
1117000	446.926867957723
1118000	460.85880711107257
1119000	443.2522007767319
1120000	445.42158260647375
1121000	443.1556049253134
1122000	460.0457920283109
1123000	450.61260341335793
1124000	447.86364647511243
1125000	448.3214705625599
1126000	459.5296079473017
1127000	447.53260444265015
1128000	459.36559624124925
1129000	452.3905708035077
1130000	454.2268981872157
1131000	455.88210834952355
1132000	436.5086028996769
1133000	437.0298180146114
1134000	437.62046139775885
1135000	437.5882627806206
1136000	436.42911256360964
1137000	434.6783127566764
1138000	428.920797529504
1139000	436.63337254108677
1140000	428.36034034992684
1141000	440.41671005492594
1142000	431.999790293426
1143000	439.20523708506806
1144000	432.2714661255334
1145000	430.59814424108845
1146000	432.01387718842346
1147000	436.28321257969793
1148000	436.00248088652194
1149000	430.7822800828532
1150000	424.42204699110744
1151000	435.1220499491227
1152000	438.88526332724956
1153000	423.2256671230365
1154000	442.9724752903381
1155000	446.6551921256156
1156000	418.71987313713936
1157000	406.6021248182211
1158000	442.53175671824556
1159000	450.600528931932
1160000	438.7142081737002
1161000	444.7665419890534
1162000	445.34410468398545
1163000	434.6843499973912
1164000	435.3645457844529
1165000	451.950858438201
1166000	427.11163772900534
1167000	436.2872374068448
1168000	436.35465326147875
1169000	440.3140769627963
1170000	428.3140548377874
1171000	440.3160893763679
1172000	442.6333836035931
1173000	430.4089773653983
1174000	435.0717396098473
1175000	435.1160127084079
1176000	432.48679437765065
1177000	447.40481618088285
1178000	444.93357231546327
1179000	442.88392909320237
1180000	450.76554684477026
1181000	431.1696696953094
1182000	438.14871996019406
1183000	455.56817183241617
1184000	449.4755897456346
1185000	449.895177975229
1186000	436.7460677010744
1187000	452.79808455167256
1188000	447.1401837962687
1189000	449.24214977138024
1190000	445.8009225646435
1191000	450.36910137124556
1192000	446.86951417094707
1193000	437.44840003742
1194000	450.5190261823005
1195000	454.75415054286873
1196000	432.33485715302413
1197000	440.75378932810304
1198000	450.95471372046035
1199000	465.8888348322617
1200000	456.7846758361994
1201000	440.9027079323685
1202000	459.74896102656214
1203000	448.2983278064902
1204000	443.56714350062146
1205000	444.2976496269658
1206000	427.4456983818177
1207000	432.11248545340993
1208000	429.02544303520153
1209000	426.32981505659615
1210000	429.9521594847366
1211000	431.29041450957607
1212000	433.0714005200833
1213000	423.0304630066316
1214000	454.68874710180637
1215000	442.33152156791164
1216000	454.12024026794285
1217000	449.4584842302796
1218000	455.5812525206279
1219000	454.82156639750264
1220000	445.3823405418349
1221000	434.96508169057086
1222000	446.22352941459525
1223000	441.08784998091545
1224000	442.2691367472067
1225000	448.67867397144573
1226000	444.2795379048251
1227000	427.3008046046918
1228000	436.6665773650145
1229000	444.49687857051026
1230000	439.47188188325015
1231000	440.7457396738167
1232000	448.8587849860673
1233000	455.4504456384995
1234000	436.4703670418201
1235000	433.88240318927336
1236000	447.2438230951878
1237000	448.2792098775673
1238000	439.1790757086446
1239000	434.78295826237763
1240000	434.5958038002591
1241000	439.4306274050433
1242000	431.01873867746866
1243000	442.2178202011382
1244000	429.3444105862379
1245000	446.34729284922304
1246000	444.1366565412707
1247000	426.6155777837048
1248000	437.3035062602941
1249000	431.06401798282235
1250000	436.2228401725646
1251000	429.07374096091263
1252000	422.88053819557666
1253000	434.1862776385191
1254000	429.87870638939154
1255000	429.0878278559102
1256000	426.62865847191654
1257000	438.67798472941865
1258000	435.219652007327
1259000	443.9152910484387
1260000	421.3712280171805
1261000	432.494844031937
1262000	434.4810962267035
1263000	439.84518460070507
1264000	420.6387094772719
1265000	436.1815856943541
1266000	445.403470884333
1267000	448.131297480084
1268000	430.6746159567946
1269000	445.9146239314169
1270000	435.29914234339054
1271000	433.4829390953876
1272000	430.0648546447243
1273000	450.86113648939926
1274000	453.1754120962707
1275000	458.4710784088561
1276000	426.8268812086825
1277000	448.5096312314679
1278000	437.3507979792157
1279000	437.4977041699169
1280000	425.1052613985265
1281000	427.85924937069734
1282000	436.10712639222317
1283000	436.3848394650454
1284000	438.8923067747501
1285000	438.83394678118475
1286000	447.0928920773471
1287000	440.0896928496069
1288000	426.63067088548814
1289000	431.8850827198667
1290000	433.3873494507586
1291000	433.6922301067938
1292000	440.755801741671
1293000	443.3015049092251
1294000	444.12357585305534
1295000	428.5525258459744
1296000	444.82892680976204
1297000	439.41251568290255
1298000	433.58355977394933
1299000	455.409191160289
1300000	444.3882082376658
1301000	450.3026917233974
1302000	436.7923532132102
1303000	426.21711989660855
1304000	429.58791262835024
1305000	448.03973266259453
1306000	446.67129143418475
1307000	435.35448371659857
1308000	451.6349095075257
1309000	437.79755379202305
1310000	448.3486381457692
1311000	443.80963933595166
1312000	442.97549391069185
1313000	443.0580028671128
1314000	451.7556543217924
1315000	439.4266025779001
1316000	451.76169156251086
1317000	435.90487882831763
1318000	448.75212706679446
1319000	455.2844215188791
1320000	428.5736561884725
1321000	445.33102399577007
1322000	447.03855691092485
1323000	450.39325033410114
1324000	440.8473665591605
1325000	433.9558562846221
1326000	456.59852758086305
1327000	456.4013110508865
1328000	435.3685706115961
1329000	448.176576785434
1330000	429.52049677371997
1331000	439.6137570400223
1332000	441.6332140587092
1333000	430.67059112965507
1334000	437.77239862238173
1335000	447.32532584482294
1336000	435.0224354773504
1337000	437.6617158759657
1338000	442.9795187378387
1339000	443.56714350062146
1340000	465.9803996497512
1341000	445.76469912036197
1342000	461.5631518609898
1343000	457.6147964343123
1344000	445.52320949182126
1345000	458.47812185635667
1346000	452.2919625385177
1347000	449.2361125306654
1348000	453.20459209305153
1349000	457.89854674785306
1350000	438.7484192044064
1351000	439.2404543225637
1352000	448.51466226539327
1353000	449.2763608020901
1354000	436.1926539689979
1355000	433.51010667860055
1356000	429.9702712068774
1357000	429.7931788126132
1358000	442.91612771034426
1359000	442.8346249607128
1360000	442.0487774611604
1361000	429.27598852481816
1362000	456.3681062269624
1363000	434.7980513641646
1364000	430.8788759342717
1365000	443.8629682955881
1366000	434.20237694709186
1367000	444.27450687089606
1368000	434.4277672670635
1369000	432.70815987047905
1370000	421.0311301236497
1371000	439.63991841644577
1372000	433.2927660129117
1373000	438.20104271304467
1374000	433.00197225187407
1375000	438.65584818013474
1376000	434.3663886531443
1377000	428.07457762281825
1378000	428.8423134002262
1379000	419.86694887271705
1380000	419.6526268273892
1381000	433.0663694861543
1382000	422.1067651774539
1383000	444.80679026047807
1384000	443.0610214874702
1385000	436.9875573296188
1386000	428.2234962270837
1387000	427.7133493867856
1388000	435.6835133354856
1389000	447.5124803069415
1390000	428.2798438070775
1391000	437.10930835067495
1392000	424.94225589925986
1393000	440.5072686656296
1394000	435.6784823015566
1395000	446.169194248173
1396000	435.7811153936899
1397000	435.66137678620163
1398000	450.4053248155271
1399000	435.7479105697658
1400000	427.4567666564615
1401000	418.22582560541406
1402000	426.9003343040276
1403000	439.1569391593606
1404000	429.9008429386718
1405000	444.6296978662139
1406000	443.1757290610258
1407000	438.9164557376057
1408000	453.55978308836575
1409000	437.8941496434379
1410000	429.56376366549836
1411000	432.45258334694074
1412000	440.17119559923833
1413000	434.0433962749684
1414000	449.97567451807834
1415000	433.36923772861786
1416000	432.7614888301191
1417000	450.63574616942765
1418000	446.25170320459034
1419000	457.98809915177094
1420000	437.9535158437891
1421000	446.9520231273644
1422000	439.59363290430997
1423000	441.03854584842225
1424000	441.03250860771107
1425000	424.0910049586451
1426000	448.26210436221237
1427000	437.6335420859706
1428000	451.10463853151526
1429000	449.22001322209627
1430000	437.1233952456725
1431000	440.8856024170099
1432000	448.6927608664432
1433000	431.0016331621137
1434000	428.59076170382747
1435000	435.1934906309035
1436000	448.19267609400316
1437000	448.92016359999013
1438000	447.84855337332914
1439000	451.46385435397264
1440000	430.05680499043785
1441000	434.18527143173327
1442000	436.2922684407738
1443000	436.1272505279319
1444000	449.82373729345545
1445000	430.77221801499525
1446000	448.92620084070126
1447000	440.96207413271975
1448000	454.26110921792554
1449000	431.2773338213643
1450000	426.16982817768326
1451000	432.685017114413
1452000	438.0903599666286
1453000	430.09805946864833
1454000	440.7829693248803
1455000	439.44471430004086
1456000	439.2384419089921
1457000	450.4838089448011
1458000	428.54145757133426
1459000	428.4659920624139
1460000	433.0603322454395
1461000	427.8904417810534
1462000	438.94664194117235
1463000	448.3003402200618
1464000	432.7886564133321
1465000	427.82805696034484
1466000	436.10612018543736
1467000	437.4876421020589
1468000	437.49267313598426
1469000	436.2469891354201
1470000	425.2904034470771
1471000	438.261415120178
1472000	435.8938105536775
1473000	428.02024245639234
1474000	441.9069023043919
1475000	442.512638789319
1476000	454.80546708893354
1477000	438.7765929944051
1478000	439.02311365687484
1479000	431.96356684914446
1480000	430.2157856625613
1481000	438.0390434205638
1482000	456.588465513005
1483000	440.9811920616426
1484000	450.27049310625915
1485000	444.74038061262627
1486000	448.22084988399826
1487000	456.12460418485006
1488000	445.4618308778984
1489000	438.4767433722989
1490000	434.66724448203263
1491000	427.34306528968807
1492000	443.21497112566465
1493000	434.1027624753196
1494000	447.27904033268345
1495000	450.1879841498382
1496000	431.43430207991986
1497000	440.4690328077729
1498000	442.2661181268493
1499000	444.78264129762255
1500000	445.007025410812
1501000	445.4296322607602
1502000	448.18563264650624
1503000	442.50559534181843
1504000	440.1178666396019
1505000	438.16683168233476
1506000	439.43867705932604
1507000	438.1829309909039
1508000	452.2436646128102
1509000	436.88693665106075
1510000	448.50560640432474
1511000	440.03737009675626
1512000	456.47275173266365
1513000	453.67247824835334
1514000	451.18412886757517
1515000	455.49371253027795
1516000	445.05331092294784
1517000	459.94517134975285
1518000	435.8535622822528
1519000	447.7650382101224
1520000	451.5363012425356
1521000	457.3612323243457
1522000	459.18850384698504
1523000	437.80157861916626
1524000	441.38266856909627
1525000	447.3877106655279
1526000	436.4391746314713
1527000	442.5740174032382
1528000	442.7792835875011
1529000	454.6444740032348
1530000	453.41187069088244
1531000	445.8562639378515
1532000	441.70163612012897
1533000	464.85344804988586
1534000	449.6224959363357
1535000	435.25587545160846
1536000	444.6498220019262
1537000	456.44860276981177
1538000	439.2897584550569
1539000	446.364398364578
1540000	447.8545906140439
1541000	446.688396949536
1542000	445.3803281282633
1543000	450.71020547156223
1544000	448.7652077550062
1545000	443.16868561352885
1546000	439.98001630997663
1547000	443.48161592384673
1548000	431.806598590589
1549000	433.32295221647837
1550000	445.83211497499593
1551000	454.8115043296483
1552000	448.01960852688217
1553000	447.18445689483656
1554000	444.02999862199425
1555000	438.4485695823039
1556000	458.08268258961783
1557000	446.8725327913008
1558000	455.3548559938705
1559000	455.04896913104585
1560000	454.4422264393366
1561000	442.53376913181717
1562000	445.33706123648483
1563000	455.6496745820477
1564000	449.19988908638396
1565000	442.3184408796999
1566000	454.1101782000885
1567000	449.1405228860327
1568000	439.71135909822294
1569000	446.34528043565143
1570000	441.6895616386994
1571000	440.0162397542581
1572000	450.1618227734111
1573000	447.1230782809174
1574000	443.76134141024056
1575000	438.6759723158434
1576000	450.6226654812159
1577000	461.02684364426455
1578000	456.7041792933537
1579000	449.43534147421354
1580000	453.6765030754929
1581000	448.93123187463027
1582000	470.09276678247744
1583000	454.44122023254715
1584000	459.4551486451671
1585000	453.1794369234102
1586000	446.780967973815
1587000	436.2429643082769
1588000	465.0657576816457
1589000	443.28842422101343
1590000	443.2069214713782
1591000	450.54015652479495
1592000	447.3957603198106
1593000	435.3675644048103
1594000	435.49736508015286
1595000	433.2917598061259
1596000	416.642056124887
1597000	429.54263332300025
1598000	410.8704540027134
1599000	436.53275186252876
1600000	447.9280437093927
1601000	432.44050886551116
1602000	428.3834831059966
1603000	451.60069847681217
1604000	438.5230288844348
1605000	443.4282869642103
1606000	448.3747995221963
1607000	448.4482526175451
1608000	438.7413757569094
1609000	437.1576062763824
1610000	427.36721425254365
1611000	439.38736051326487
1612000	440.9459748241469
1613000	450.9828875104591
1614000	452.08770256104054
1615000	442.82154427249736
1616000	443.1556049253171
1617000	441.3122340941049
1618000	444.36808410195346
1619000	457.07748201080864
1620000	453.25691484590214
1621000	443.1032821724628
1622000	442.6525015325196
1623000	445.6228239635935
1624000	448.78533189071857
1625000	448.9453187696278
1626000	437.08817800817684
1627000	433.33804531826536
1628000	450.4747530837326
1629000	436.98956974318673
1630000	432.2986337087463
1631000	442.88996633391713
1632000	439.5916204907347
1633000	437.7130324220305
1634000	428.9701016619972
1635000	434.976149965211
1636000	435.37058302516766
1637000	445.12575781151077
1638000	440.49318177063213
1639000	441.5678106176432
1640000	440.88560241701356
1641000	444.7977343994059
1642000	457.5262502371839
1643000	459.8908361833307
1644000	452.4630176920707
1645000	446.1722128685268
1646000	448.09205541544515
1647000	447.775100277984
1648000	453.0556734887861
1649000	441.4601464915882
1650000	450.550218592653
1651000	462.0199697416478
1652000	450.5129889415857
1653000	451.07646474151653
1654000	439.333025346839
1655000	441.8767161008252
1656000	446.9288803712983
1657000	444.54618270300716
1658000	452.7296624902528
1659000	451.62082261252453
1660000	452.6904204256102
1661000	433.2605673957734
1662000	447.80729889511866
1663000	447.4682072083736
1664000	442.9070718492721
1665000	434.86949204593816
1666000	438.3499613173138
1667000	432.150721311263
1668000	436.5428139303867
1669000	430.59915044787425
1670000	429.46817402086566
1671000	450.76353443119865
1672000	447.95319887903037
1673000	439.73248944072105
1674000	443.09523251818007
1675000	459.6664520701412
1676000	443.43533041170724
1677000	437.13949455424165
1678000	443.14956768459865
1679000	447.16131413876684
1680000	443.1193814810356
1681000	449.47961457278143
1682000	445.39441502326446
1683000	454.1574699190101
1684000	448.0417450761661
1685000	454.7179270985872
1686000	446.2134673467373
1687000	450.1950275973351
1688000	447.0667307009236
1689000	447.15728931162363
1690000	435.5295636972875
1691000	440.37042454279015
1692000	444.3932392715985
1693000	450.3831882662431
1694000	441.2599113412543
1695000	439.73349564750686
1696000	446.8171914180928
1697000	434.3523017581431
1698000	443.58525522276585
1699000	444.7212626836997
1700000	434.98218720592945
1701000	447.40481618088285
1702000	445.601693621099
1703000	444.8882930101096
1704000	457.51518196254375
1705000	448.2208498840019
1706000	436.50659048610527
1707000	451.2676440307819
1708000	442.37981949362273
1709000	435.081801677698
1710000	444.87621852868364
1711000	459.29214314590416
1712000	447.7026533894174
1713000	439.0623557215137
1714000	454.87791397749646
1715000	434.2375941845875
1716000	450.59348548443137
1717000	441.79923817833327
1718000	462.751482074778
1719000	452.91782315915714
1720000	444.891311630467
1721000	450.1869779430524
1722000	434.34123348350295
1723000	450.5109765280141
1724000	451.4155564282616
1725000	436.47338566218116
1726000	443.68386348775226
1727000	438.4988799215792
1728000	444.65988406978056
1729000	454.41405264933786
1730000	443.508783507056
1731000	426.33383988373936
1732000	429.61004917763785
1733000	446.80813555702423
1734000	438.938592286886
1735000	446.39458456814464
1736000	432.2764971594624
1737000	440.12692250067414
1738000	449.93039521272465
1739000	445.7496060185787
1740000	438.6649040412033
1741000	435.65332713191526
1742000	434.7316417163128
1743000	445.20021711364535
1744000	447.36154928910076
1745000	435.9501581336677
1746000	439.20221846471065
1747000	449.0298401396167
1748000	440.9047203459364
1749000	437.13848834745585
1750000	441.52152510550735
1751000	434.70849896024674
1752000	448.0819933475871
1753000	442.09506297329625
1754000	438.19601167911566
1755000	450.844030974048
1756000	441.6332140587092
1757000	432.53911713050127
1758000	452.6572156016862
1759000	435.6110664469226
1760000	440.8986831052253
1761000	439.21429294614023
1762000	448.37580572898213
1763000	454.95740431355637
1764000	455.17977601317426
1765000	447.9069133668945
1766000	429.6513036558447
1767000	435.43900508658743
1768000	454.8477277739261
1769000	451.3511591939887
1770000	446.49721766027795
1771000	448.18563264650624
1772000	441.4581340780166
1773000	460.8336519414349
1774000	440.8352920777309
1775000	458.0494777656937
1776000	452.4016390781442
1777000	449.6516759331166
1778000	432.6669053922722
1779000	449.75430902524624
1780000	430.06183602436687
1781000	448.36775607469576
1782000	452.12291979853984
1783000	444.70918820227377
1784000	440.0645376799692
1785000	440.47507004848774
1786000	456.1427159069908
1787000	443.4775910967035
1788000	441.3414140908858
1789000	450.334890340532
1790000	434.2315569438727
1791000	447.25489136982793
1792000	449.5399869799148
1793000	439.0351881383045
1794000	442.90103460856096
1795000	440.56261003883765
1796000	457.5403371321778
1797000	441.83646782940053
1798000	437.814659307378
1799000	443.51180212741343
1800000	439.2565536311365
1801000	439.21831777328345
1802000	435.11500650162577
1803000	447.16433275912425
1804000	441.91797057903204
1805000	441.38367477588207
1806000	440.2376052470902
1807000	446.98724036486004
1808000	446.59280730490696
1809000	448.47441399397223
1810000	439.9186376960538
1811000	450.7796337397678
1812000	427.2605563332708
1813000	436.8265642439201
1814000	436.52973324217135
1815000	444.7544675076238
1816000	449.6506697263308
1817000	435.44001129337323
1818000	439.267621905773
1819000	450.5582682469357
1820000	438.9234991851026
1821000	440.2828845524438
1822000	454.5176919482533
1823000	451.3300288514869
1824000	447.7177464912044
1825000	454.23595404828785
1826000	461.9223676834472
1827000	447.9391119840328
1828000	441.20255755447465
1829000	454.67667262037673
1830000	453.2367907101935
1831000	455.797586979531
1832000	450.93257717118007
1833000	444.1658365380516
1834000	448.64848776787903
1835000	432.92851915652534
1836000	442.3778070800511
1837000	465.17442801449016
1838000	450.0692517491394
1839000	450.5582682469357
1840000	443.76134141024056
1841000	453.1925176116256
1842000	456.52306207194266
1843000	446.64311764418966
1844000	454.39493472040766
1845000	451.90960395999053
1846000	454.31041335042244
1847000	457.01207856974264
1848000	456.06221936414147
1849000	463.0583751443811
1850000	437.9132675723681
1851000	449.7211042013222
1852000	466.12328101330553
1853000	446.63708040347484
1854000	452.37749011529235
1855000	457.9045839885678
1856000	453.958240975462
1857000	447.4903437576575
1858000	458.04344052497896
1859000	449.51382560348765
1860000	455.0630560260471
1861000	442.38384432076225
1862000	437.230053164949
1863000	436.9946007771194
1864000	432.99794742473455
1865000	439.3632115504057
1866000	427.42154941896587
1867000	440.73668381274445
1868000	441.122061011629
1869000	434.60888448847084
1870000	440.1188728463914
1871000	434.36940727349804
1872000	415.9799720599661
1873000	440.6048707238303
1874000	445.34812951112497
1875000	440.5766969338352
1876000	434.42474864670606
1877000	432.3972419737328
1878000	431.2209862413742
1879000	445.9126115178453
1880000	423.71166500047906
1881000	435.07777685055845
1882000	436.84769458641824
1883000	441.9672747115289
1884000	442.9875683921178
1885000	436.96743319390646
1886000	442.695768424298
1887000	433.5996590825185
1888000	425.5389365231184
1889000	447.5627906462205
1890000	430.52569735252547
1891000	439.41553430325996
1892000	441.42694166766415
1893000	438.16884409590637
1894000	447.0295010498563
1895000	448.9181511864185
1896000	432.1245599348359
1897000	438.7222578279829
1898000	438.3177627001755
1899000	435.9964436458072
1900000	433.26358601613083
1901000	450.6297089287165
1902000	431.79754272952044
1903000	450.51600756194307
1904000	449.1344856453216
1905000	449.9112772838018
1906000	425.420204122416
1907000	443.33772835350663
1908000	443.9595641470066
1909000	450.7333482276283
1910000	437.8911310230805
1911000	423.17636299053964
1912000	429.81732777546875
1913000	429.7690298497613
1914000	440.3774679902871
1915000	430.79636697785446
1916000	431.6345372302538
1917000	443.4463986863511
1918000	446.7849928009545
1919000	452.7356997309639
1920000	446.34628664243724
1921000	443.04592838568686
1922000	445.1428633268657
1923000	439.05028124008777
1924000	433.1579343036438
1925000	442.89700978141775
1926000	437.1767242053089
1927000	450.80478890940543
1928000	438.02495652556627
1929000	448.404985725763
1930000	446.1752314888842
1931000	453.9109492565404
1932000	447.60404512443097
1933000	445.56245155645644
1934000	455.4876752895668
1935000	452.57671905884047
1936000	445.37529709433795
1937000	454.82357881107424
1938000	440.73970243310185
1939000	438.11350272269834
1940000	457.49807644718516
1941000	447.03352587699584
1942000	446.16416321424407
1943000	432.6226322937044
1944000	433.3722563489716
1945000	441.33235822981726
1946000	429.8515388061786
1947000	442.6917435971548
1948000	449.7211042013222
1949000	439.1991998443569
1950000	437.88710619594093
1951000	428.3351851802892
1952000	444.39323927159484
1953000	446.6803472952569
1954000	447.2891024005378
1955000	441.05766377734875
1956000	437.154587656025
1957000	446.64009902383225
1958000	436.2208277589966
1959000	444.56731304550163
1960000	424.6081952464402
1961000	441.00534102449814
1962000	450.0581834744993
1963000	451.7053439825171
1964000	444.34091651874786
1965000	439.4014474082588
1966000	433.43162254932645
1967000	451.9568956789158
1968000	444.95168403760397
1969000	440.59782727632967
1970000	434.45493485027276
1971000	439.9297059706976
1972000	444.7444054397695
1973000	433.90755835891105
1974000	431.3004765774341
1975000	432.557228852642
1976000	446.93793623236684
1977000	435.43900508658743
1978000	428.1923038167312
1979000	432.48880679122226
1980000	425.4493841191969
1981000	445.33706123648483
1982000	429.3152305894534
1983000	447.0254762227131
1984000	440.517330733484
1985000	427.7606411057109
1986000	455.97367316700934
1987000	439.81097356999516
1988000	447.3384065330347
1989000	452.2074411685251
1990000	428.1349500299516
1991000	441.1633154898358
1992000	446.71958935989215
1993000	450.04107795914433
1994000	449.70802351311045
1995000	451.27971851220786
1996000	442.14939813971847
1997000	447.7308271794125
1998000	445.15695022186327
1999000	452.49924113635217
2000000	447.63322512121186
