1000000.0	444.27350066411026	444.27350066411026
1001000.0	443.77240968488434	443.77240968488434
1002000.0	447.91295060760933	447.91295060760933
1003000.0	441.7791140426209	441.7791140426209
1004000.0	440.9409437902216	440.9409437902216
1005000.0	441.8052754190481	441.8052754190481
1006000.0	446.2889328556576	446.2889328556576
1007000.0	440.700460368463	440.700460368463
1008000.0	444.92854128153425	444.92854128153425
1009000.0	438.80376057761805	438.80376057761805
1010000.0	445.09657781472623	445.09657781472623
1011000.0	439.3139074179125	439.3139074179125
1012000.0	449.5902973191938	449.5902973191938
1013000.0	428.91073546164597	428.91073546164597
1014000.0	442.7933704825023	442.7933704825023
1015000.0	445.99713288783784	445.99713288783784
1016000.0	446.25472182494775	446.25472182494775
1017000.0	447.6875602876377	447.6875602876377
1018000.0	445.6530101671602	445.6530101671602
1019000.0	443.39407593350046	443.39407593350046
1020000.0	437.1244014524583	437.1244014524583
1021000.0	448.09708644937047	448.09708644937047
1022000.0	427.31086667255346	427.31086667255346
1023000.0	442.7299794550079	442.7299794550079
1024000.0	440.8352920777309	440.8352920777309
1025000.0	451.8250825900016	451.8250825900016
1026000.0	455.88613317666307	455.88613317666307
1027000.0	447.5678216801495	447.5678216801495
1028000.0	444.59246821514296	444.59246821514296
1029000.0	454.78232433286377	454.78232433286377
1030000.0	469.8643578421484	469.8643578421484
1031000.0	437.22200351065896	437.22200351065896
1032000.0	454.56397746038914	454.56397746038914
1033000.0	435.74388574262264	435.74388574262264
1034000.0	437.2954566060114	437.2954566060114
1035000.0	428.46901068276765	428.46901068276765
1036000.0	441.45008442373023	441.45008442373023
1037000.0	462.4325145237416	462.4325145237416
1038000.0	454.0518182065231	454.0518182065231
1039000.0	445.17204332365026	445.17204332365026
1040000.0	444.3399103119584	444.3399103119584
1041000.0	439.7536197832192	439.7536197832192
1042000.0	449.3236525210117	449.3236525210117
1043000.0	442.15644158721904	442.15644158721904
1044000.0	445.458812257541	445.458812257541
1045000.0	447.0476127719934	447.0476127719934
1046000.0	442.8386497878523	442.8386497878523
1047000.0	443.875042777014	443.875042777014
1048000.0	452.59986181490655	452.59986181490655
1049000.0	436.1413374229331	436.1413374229331
1050000.0	432.6004957444204	432.6004957444204
1051000.0	451.32902264470107	451.32902264470107
1052000.0	443.14353044389117	443.14353044389117
1053000.0	438.2563840862527	438.2563840862527
1054000.0	436.4220691161127	436.4220691161127
1055000.0	436.59413047645154	436.59413047645154
1056000.0	449.6023718006234	449.6023718006234
1057000.0	438.7393633433378	438.7393633433378
1058000.0	447.47826927622793	447.47826927622793
1059000.0	422.31303756849894	422.31303756849894
1060000.0	431.0559683285359	431.0559683285359
1061000.0	431.10829108138654	431.10829108138654
1062000.0	449.5661483563419	449.5661483563419
1063000.0	437.6425979470428	437.6425979470428
1064000.0	430.39589667718656	430.39589667718656
1065000.0	440.41570384814014	440.41570384814014
1066000.0	436.1876229350689	436.1876229350689
1067000.0	450.09943795270607	450.09943795270607
1068000.0	423.3937036562285	423.3937036562285
1069000.0	455.09324222961374	455.09324222961374
1070000.0	445.7003018860854	445.7003018860854
1071000.0	434.51631346419555	434.51631346419555
1072000.0	438.24632201839836	438.24632201839836
1073000.0	440.0232832017587	440.0232832017587
1074000.0	441.4380099423043	441.4380099423043
1075000.0	433.65600666251225	433.65600666251225
1076000.0	440.6531686495377	440.6531686495377
1077000.0	436.62934771394356	436.62934771394356
1078000.0	446.4760873177798	446.4760873177798
1079000.0	430.9563538567637	430.9563538567637
1080000.0	450.48783377194434	450.48783377194434
1081000.0	446.6501610916866	446.6501610916866
1082000.0	431.38298553385135	431.38298553385135
1083000.0	444.31978617624605	444.31978617624605
1084000.0	431.8206854855865	431.8206854855865
1085000.0	436.62230426644663	436.62230426644663
1086000.0	426.4847709015764	426.4847709015764
1087000.0	436.22988362006515	436.22988362006515
1088000.0	440.1490590499544	440.1490590499544
1089000.0	437.55103312954964	437.55103312954964
1090000.0	435.5345947312165	435.5345947312165
1091000.0	425.8729971759345	425.8729971759345
1092000.0	435.5064209412214	435.5064209412214
1093000.0	438.7464067908384	438.7464067908384
1094000.0	442.84368082178133	442.84368082178133
1095000.0	446.59985075240394	446.59985075240394
1096000.0	443.6727952131121	443.6727952131121
1097000.0	436.18359810792936	436.18359810792936
1098000.0	434.8242127405881	434.8242127405881
1099000.0	414.3951963726569	414.3951963726569
1100000.0	435.79117746154424	435.79117746154424
1101000.0	436.391882912546	436.391882912546
1102000.0	446.653179712044	446.653179712044
1103000.0	437.2743262635096	437.2743262635096
1104000.0	433.03920190294133	433.03920190294133
1105000.0	438.11249651591254	438.11249651591254
1106000.0	422.474030654194	422.474030654194
1107000.0	439.1136722675822	439.1136722675822
1108000.0	432.66288056512906	432.66288056512906
1109000.0	442.3757946664795	442.3757946664795
1110000.0	437.5480145091959	437.5480145091959
1111000.0	454.04477475902615	454.04477475902615
1112000.0	447.67850442656186	447.67850442656186
1113000.0	446.24969079101874	446.24969079101874
1114000.0	453.3233244937503	453.3233244937503
1115000.0	448.2309119518562	448.2309119518562
1116000.0	433.21931291756295	433.21931291756295
1117000.0	446.926867957723	446.926867957723
1118000.0	460.85880711107257	460.85880711107257
1119000.0	443.2522007767319	443.2522007767319
1120000.0	445.42158260647375	445.42158260647375
1121000.0	443.1556049253134	443.1556049253134
1122000.0	460.0457920283109	460.0457920283109
1123000.0	450.61260341335793	450.61260341335793
1124000.0	447.86364647511243	447.86364647511243
1125000.0	448.3214705625599	448.3214705625599
1126000.0	459.5296079473017	459.5296079473017
1127000.0	447.53260444265015	447.53260444265015
1128000.0	459.36559624124925	459.36559624124925
1129000.0	452.3905708035077	452.3905708035077
1130000.0	454.2268981872157	454.2268981872157
1131000.0	455.88210834952355	455.88210834952355
1132000.0	436.5086028996769	436.5086028996769
1133000.0	437.0298180146114	437.0298180146114
1134000.0	437.62046139775885	437.62046139775885
1135000.0	437.5882627806206	437.5882627806206
1136000.0	436.42911256360964	436.42911256360964
1137000.0	434.6783127566764	434.6783127566764
1138000.0	428.920797529504	428.920797529504
1139000.0	436.63337254108677	436.63337254108677
1140000.0	428.36034034992684	428.36034034992684
1141000.0	440.41671005492594	440.41671005492594
1142000.0	431.999790293426	431.999790293426
1143000.0	439.20523708506806	439.20523708506806
1144000.0	432.2714661255334	432.2714661255334
1145000.0	430.59814424108845	430.59814424108845
1146000.0	432.01387718842346	432.01387718842346
1147000.0	436.28321257969793	436.28321257969793
1148000.0	436.00248088652194	436.00248088652194
1149000.0	430.7822800828532	430.7822800828532
1150000.0	424.42204699110744	424.42204699110744
1151000.0	435.1220499491227	435.1220499491227
1152000.0	438.88526332724956	438.88526332724956
1153000.0	423.2256671230365	423.2256671230365
1154000.0	442.9724752903381	442.9724752903381
1155000.0	446.6551921256156	446.6551921256156
1156000.0	418.71987313713936	418.71987313713936
1157000.0	406.6021248182211	406.6021248182211
1158000.0	442.53175671824556	442.53175671824556
1159000.0	450.600528931932	450.600528931932
1160000.0	438.7142081737002	438.7142081737002
1161000.0	444.7665419890534	444.7665419890534
1162000.0	445.34410468398545	445.34410468398545
1163000.0	434.6843499973912	434.6843499973912
1164000.0	435.3645457844529	435.3645457844529
1165000.0	451.950858438201	451.950858438201
1166000.0	427.11163772900534	427.11163772900534
1167000.0	436.2872374068448	436.2872374068448
1168000.0	436.35465326147875	436.35465326147875
1169000.0	440.3140769627963	440.3140769627963
1170000.0	428.3140548377874	428.3140548377874
1171000.0	440.3160893763679	440.3160893763679
1172000.0	442.6333836035931	442.6333836035931
1173000.0	430.4089773653983	430.4089773653983
1174000.0	435.0717396098473	435.0717396098473
1175000.0	435.1160127084079	435.1160127084079
1176000.0	432.48679437765065	432.48679437765065
1177000.0	447.40481618088285	447.40481618088285
1178000.0	444.93357231546327	444.93357231546327
1179000.0	442.88392909320237	442.88392909320237
1180000.0	450.76554684477026	450.76554684477026
1181000.0	431.1696696953094	431.1696696953094
1182000.0	438.14871996019406	438.14871996019406
1183000.0	455.56817183241617	455.56817183241617
1184000.0	449.4755897456346	449.4755897456346
1185000.0	449.895177975229	449.895177975229
1186000.0	436.7460677010744	436.7460677010744
1187000.0	452.79808455167256	452.79808455167256
1188000.0	447.1401837962687	447.1401837962687
1189000.0	449.24214977138024	449.24214977138024
1190000.0	445.8009225646435	445.8009225646435
1191000.0	450.36910137124556	450.36910137124556
1192000.0	446.86951417094707	446.86951417094707
1193000.0	437.44840003742	437.44840003742
1194000.0	450.5190261823005	450.5190261823005
1195000.0	454.75415054286873	454.75415054286873
1196000.0	432.33485715302413	432.33485715302413
1197000.0	440.75378932810304	440.75378932810304
1198000.0	450.95471372046035	450.95471372046035
1199000.0	465.8888348322617	465.8888348322617
1200000.0	456.7846758361994	456.7846758361994
1201000.0	440.9027079323685	440.9027079323685
1202000.0	459.74896102656214	459.74896102656214
1203000.0	448.2983278064902	448.2983278064902
1204000.0	443.56714350062146	443.56714350062146
1205000.0	444.2976496269658	444.2976496269658
1206000.0	427.4456983818177	427.4456983818177
1207000.0	432.11248545340993	432.11248545340993
1208000.0	429.02544303520153	429.02544303520153
1209000.0	426.32981505659615	426.32981505659615
1210000.0	429.9521594847366	429.9521594847366
1211000.0	431.29041450957607	431.29041450957607
1212000.0	433.0714005200833	433.0714005200833
1213000.0	423.0304630066316	423.0304630066316
1214000.0	454.68874710180637	454.68874710180637
1215000.0	442.33152156791164	442.33152156791164
1216000.0	454.12024026794285	454.12024026794285
1217000.0	449.4584842302796	449.4584842302796
1218000.0	455.5812525206279	455.5812525206279
1219000.0	454.82156639750264	454.82156639750264
1220000.0	445.3823405418349	445.3823405418349
1221000.0	434.96508169057086	434.96508169057086
1222000.0	446.22352941459525	446.22352941459525
1223000.0	441.08784998091545	441.08784998091545
1224000.0	442.2691367472067	442.2691367472067
1225000.0	448.67867397144573	448.67867397144573
1226000.0	444.2795379048251	444.2795379048251
1227000.0	427.3008046046918	427.3008046046918
1228000.0	436.6665773650145	436.6665773650145
1229000.0	444.49687857051026	444.49687857051026
1230000.0	439.47188188325015	439.47188188325015
1231000.0	440.7457396738167	440.7457396738167
1232000.0	448.8587849860673	448.8587849860673
1233000.0	455.4504456384995	455.4504456384995
1234000.0	436.4703670418201	436.4703670418201
1235000.0	433.88240318927336	433.88240318927336
1236000.0	447.2438230951878	447.2438230951878
1237000.0	448.2792098775673	448.2792098775673
1238000.0	439.1790757086446	439.1790757086446
1239000.0	434.78295826237763	434.78295826237763
1240000.0	434.5958038002591	434.5958038002591
1241000.0	439.4306274050433	439.4306274050433
1242000.0	431.01873867746866	431.01873867746866
1243000.0	442.2178202011382	442.2178202011382
1244000.0	429.3444105862379	429.3444105862379
1245000.0	446.34729284922304	446.34729284922304
1246000.0	444.1366565412707	444.1366565412707
1247000.0	426.6155777837048	426.6155777837048
1248000.0	437.3035062602941	437.3035062602941
1249000.0	431.06401798282235	431.06401798282235
1250000.0	436.2228401725646	436.2228401725646
1251000.0	429.07374096091263	429.07374096091263
1252000.0	422.88053819557666	422.88053819557666
1253000.0	434.1862776385191	434.1862776385191
1254000.0	429.87870638939154	429.87870638939154
1255000.0	429.0878278559102	429.0878278559102
1256000.0	426.62865847191654	426.62865847191654
1257000.0	438.67798472941865	438.67798472941865
1258000.0	435.219652007327	435.219652007327
1259000.0	443.9152910484387	443.9152910484387
1260000.0	421.3712280171805	421.3712280171805
1261000.0	432.494844031937	432.494844031937
1262000.0	434.4810962267035	434.4810962267035
1263000.0	439.84518460070507	439.84518460070507
1264000.0	420.6387094772719	420.6387094772719
1265000.0	436.1815856943541	436.1815856943541
1266000.0	445.403470884333	445.403470884333
1267000.0	448.131297480084	448.131297480084
1268000.0	430.6746159567946	430.6746159567946
1269000.0	445.9146239314169	445.9146239314169
1270000.0	435.29914234339054	435.29914234339054
1271000.0	433.4829390953876	433.4829390953876
1272000.0	430.0648546447243	430.0648546447243
1273000.0	450.86113648939926	450.86113648939926
1274000.0	453.1754120962707	453.1754120962707
1275000.0	458.4710784088561	458.4710784088561
1276000.0	426.8268812086825	426.8268812086825
1277000.0	448.5096312314679	448.5096312314679
1278000.0	437.3507979792157	437.3507979792157
1279000.0	437.4977041699169	437.4977041699169
1280000.0	425.1052613985265	425.1052613985265
1281000.0	427.85924937069734	427.85924937069734
1282000.0	436.10712639222317	436.10712639222317
1283000.0	436.3848394650454	436.3848394650454
1284000.0	438.8923067747501	438.8923067747501
1285000.0	438.83394678118475	438.83394678118475
1286000.0	447.0928920773471	447.0928920773471
1287000.0	440.0896928496069	440.0896928496069
1288000.0	426.63067088548814	426.63067088548814
1289000.0	431.8850827198667	431.8850827198667
1290000.0	433.3873494507586	433.3873494507586
1291000.0	433.6922301067938	433.6922301067938
1292000.0	440.755801741671	440.755801741671
1293000.0	443.3015049092251	443.3015049092251
1294000.0	444.12357585305534	444.12357585305534
1295000.0	428.5525258459744	428.5525258459744
1296000.0	444.82892680976204	444.82892680976204
1297000.0	439.41251568290255	439.41251568290255
1298000.0	433.58355977394933	433.58355977394933
1299000.0	455.409191160289	455.409191160289
1300000.0	444.3882082376658	444.3882082376658
1301000.0	450.3026917233974	450.3026917233974
1302000.0	436.7923532132102	436.7923532132102
1303000.0	426.21711989660855	426.21711989660855
1304000.0	429.58791262835024	429.58791262835024
1305000.0	448.03973266259453	448.03973266259453
1306000.0	446.67129143418475	446.67129143418475
1307000.0	435.35448371659857	435.35448371659857
1308000.0	451.6349095075257	451.6349095075257
1309000.0	437.79755379202305	437.79755379202305
1310000.0	448.3486381457692	448.3486381457692
1311000.0	443.80963933595166	443.80963933595166
1312000.0	442.97549391069185	442.97549391069185
1313000.0	443.0580028671128	443.0580028671128
1314000.0	451.7556543217924	451.7556543217924
1315000.0	439.4266025779001	439.4266025779001
1316000.0	451.76169156251086	451.76169156251086
1317000.0	435.90487882831763	435.90487882831763
1318000.0	448.75212706679446	448.75212706679446
1319000.0	455.2844215188791	455.2844215188791
1320000.0	428.5736561884725	428.5736561884725
1321000.0	445.33102399577007	445.33102399577007
1322000.0	447.03855691092485	447.03855691092485
1323000.0	450.39325033410114	450.39325033410114
1324000.0	440.8473665591605	440.8473665591605
1325000.0	433.9558562846221	433.9558562846221
1326000.0	456.59852758086305	456.59852758086305
1327000.0	456.4013110508865	456.4013110508865
1328000.0	435.3685706115961	435.3685706115961
1329000.0	448.176576785434	448.176576785434
1330000.0	429.52049677371997	429.52049677371997
1331000.0	439.6137570400223	439.6137570400223
1332000.0	441.6332140587092	441.6332140587092
1333000.0	430.67059112965507	430.67059112965507
1334000.0	437.77239862238173	437.77239862238173
1335000.0	447.32532584482294	447.32532584482294
1336000.0	435.0224354773504	435.0224354773504
1337000.0	437.6617158759657	437.6617158759657
1338000.0	442.9795187378387	442.9795187378387
1339000.0	443.56714350062146	443.56714350062146
1340000.0	465.9803996497512	465.9803996497512
1341000.0	445.76469912036197	445.76469912036197
1342000.0	461.5631518609898	461.5631518609898
1343000.0	457.6147964343123	457.6147964343123
1344000.0	445.52320949182126	445.52320949182126
1345000.0	458.47812185635667	458.47812185635667
1346000.0	452.2919625385177	452.2919625385177
1347000.0	449.2361125306654	449.2361125306654
1348000.0	453.20459209305153	453.20459209305153
1349000.0	457.89854674785306	457.89854674785306
1350000.0	438.7484192044064	438.7484192044064
1351000.0	439.2404543225637	439.2404543225637
1352000.0	448.51466226539327	448.51466226539327
1353000.0	449.2763608020901	449.2763608020901
1354000.0	436.1926539689979	436.1926539689979
1355000.0	433.51010667860055	433.51010667860055
1356000.0	429.9702712068774	429.9702712068774
1357000.0	429.7931788126132	429.7931788126132
1358000.0	442.91612771034426	442.91612771034426
1359000.0	442.8346249607128	442.8346249607128
1360000.0	442.0487774611604	442.0487774611604
1361000.0	429.27598852481816	429.27598852481816
1362000.0	456.3681062269624	456.3681062269624
1363000.0	434.7980513641646	434.7980513641646
1364000.0	430.8788759342717	430.8788759342717
1365000.0	443.8629682955881	443.8629682955881
1366000.0	434.20237694709186	434.20237694709186
1367000.0	444.27450687089606	444.27450687089606
1368000.0	434.4277672670635	434.4277672670635
1369000.0	432.70815987047905	432.70815987047905
1370000.0	421.0311301236497	421.0311301236497
1371000.0	439.63991841644577	439.63991841644577
1372000.0	433.2927660129117	433.2927660129117
1373000.0	438.20104271304467	438.20104271304467
1374000.0	433.00197225187407	433.00197225187407
1375000.0	438.65584818013474	438.65584818013474
1376000.0	434.3663886531443	434.3663886531443
1377000.0	428.07457762281825	428.07457762281825
1378000.0	428.8423134002262	428.8423134002262
1379000.0	419.86694887271705	419.86694887271705
1380000.0	419.6526268273892	419.6526268273892
1381000.0	433.0663694861543	433.0663694861543
1382000.0	422.1067651774539	422.1067651774539
1383000.0	444.80679026047807	444.80679026047807
1384000.0	443.0610214874702	443.0610214874702
1385000.0	436.9875573296188	436.9875573296188
1386000.0	428.2234962270837	428.2234962270837
1387000.0	427.7133493867856	427.7133493867856
1388000.0	435.6835133354856	435.6835133354856
1389000.0	447.5124803069415	447.5124803069415
1390000.0	428.2798438070775	428.2798438070775
1391000.0	437.10930835067495	437.10930835067495
1392000.0	424.94225589925986	424.94225589925986
1393000.0	440.5072686656296	440.5072686656296
1394000.0	435.6784823015566	435.6784823015566
1395000.0	446.169194248173	446.169194248173
1396000.0	435.7811153936899	435.7811153936899
1397000.0	435.66137678620163	435.66137678620163
1398000.0	450.4053248155271	450.4053248155271
1399000.0	435.7479105697658	435.7479105697658
1400000.0	427.4567666564615	427.4567666564615
1401000.0	418.22582560541406	418.22582560541406
1402000.0	426.9003343040276	426.9003343040276
1403000.0	439.1569391593606	439.1569391593606
1404000.0	429.9008429386718	429.9008429386718
1405000.0	444.6296978662139	444.6296978662139
1406000.0	443.1757290610258	443.1757290610258
1407000.0	438.9164557376057	438.9164557376057
1408000.0	453.55978308836575	453.55978308836575
1409000.0	437.8941496434379	437.8941496434379
1410000.0	429.56376366549836	429.56376366549836
1411000.0	432.45258334694074	432.45258334694074
1412000.0	440.17119559923833	440.17119559923833
1413000.0	434.0433962749684	434.0433962749684
1414000.0	449.97567451807834	449.97567451807834
1415000.0	433.36923772861786	433.36923772861786
1416000.0	432.7614888301191	432.7614888301191
1417000.0	450.63574616942765	450.63574616942765
1418000.0	446.25170320459034	446.25170320459034
1419000.0	457.98809915177094	457.98809915177094
1420000.0	437.9535158437891	437.9535158437891
1421000.0	446.9520231273644	446.9520231273644
1422000.0	439.59363290430997	439.59363290430997
1423000.0	441.03854584842225	441.03854584842225
1424000.0	441.03250860771107	441.03250860771107
1425000.0	424.0910049586451	424.0910049586451
1426000.0	448.26210436221237	448.26210436221237
1427000.0	437.6335420859706	437.6335420859706
1428000.0	451.10463853151526	451.10463853151526
1429000.0	449.22001322209627	449.22001322209627
1430000.0	437.1233952456725	437.1233952456725
1431000.0	440.8856024170099	440.8856024170099
1432000.0	448.6927608664432	448.6927608664432
1433000.0	431.0016331621137	431.0016331621137
1434000.0	428.59076170382747	428.59076170382747
1435000.0	435.1934906309035	435.1934906309035
1436000.0	448.19267609400316	448.19267609400316
1437000.0	448.92016359999013	448.92016359999013
1438000.0	447.84855337332914	447.84855337332914
1439000.0	451.46385435397264	451.46385435397264
1440000.0	430.05680499043785	430.05680499043785
1441000.0	434.18527143173327	434.18527143173327
1442000.0	436.2922684407738	436.2922684407738
1443000.0	436.1272505279319	436.1272505279319
1444000.0	449.82373729345545	449.82373729345545
1445000.0	430.77221801499525	430.77221801499525
1446000.0	448.92620084070126	448.92620084070126
1447000.0	440.96207413271975	440.96207413271975
1448000.0	454.26110921792554	454.26110921792554
1449000.0	431.2773338213643	431.2773338213643
1450000.0	426.16982817768326	426.16982817768326
1451000.0	432.685017114413	432.685017114413
1452000.0	438.0903599666286	438.0903599666286
1453000.0	430.09805946864833	430.09805946864833
1454000.0	440.7829693248803	440.7829693248803
1455000.0	439.44471430004086	439.44471430004086
1456000.0	439.2384419089921	439.2384419089921
1457000.0	450.4838089448011	450.4838089448011
1458000.0	428.54145757133426	428.54145757133426
1459000.0	428.4659920624139	428.4659920624139
1460000.0	433.0603322454395	433.0603322454395
1461000.0	427.8904417810534	427.8904417810534
1462000.0	438.94664194117235	438.94664194117235
1463000.0	448.3003402200618	448.3003402200618
1464000.0	432.7886564133321	432.7886564133321
1465000.0	427.82805696034484	427.82805696034484
1466000.0	436.10612018543736	436.10612018543736
1467000.0	437.4876421020589	437.4876421020589
1468000.0	437.49267313598426	437.49267313598426
1469000.0	436.2469891354201	436.2469891354201
1470000.0	425.2904034470771	425.2904034470771
1471000.0	438.261415120178	438.261415120178
1472000.0	435.8938105536775	435.8938105536775
1473000.0	428.02024245639234	428.02024245639234
1474000.0	441.9069023043919	441.9069023043919
1475000.0	442.512638789319	442.512638789319
1476000.0	454.80546708893354	454.80546708893354
1477000.0	438.7765929944051	438.7765929944051
1478000.0	439.02311365687484	439.02311365687484
1479000.0	431.96356684914446	431.96356684914446
1480000.0	430.2157856625613	430.2157856625613
1481000.0	438.0390434205638	438.0390434205638
1482000.0	456.588465513005	456.588465513005
1483000.0	440.9811920616426	440.9811920616426
1484000.0	450.27049310625915	450.27049310625915
1485000.0	444.74038061262627	444.74038061262627
1486000.0	448.22084988399826	448.22084988399826
1487000.0	456.12460418485006	456.12460418485006
1488000.0	445.4618308778984	445.4618308778984
1489000.0	438.4767433722989	438.4767433722989
1490000.0	434.66724448203263	434.66724448203263
1491000.0	427.34306528968807	427.34306528968807
1492000.0	443.21497112566465	443.21497112566465
1493000.0	434.1027624753196	434.1027624753196
1494000.0	447.27904033268345	447.27904033268345
1495000.0	450.1879841498382	450.1879841498382
1496000.0	431.43430207991986	431.43430207991986
1497000.0	440.4690328077729	440.4690328077729
1498000.0	442.2661181268493	442.2661181268493
1499000.0	444.78264129762255	444.78264129762255
1500000.0	445.007025410812	445.007025410812
1501000.0	445.4296322607602	445.4296322607602
1502000.0	448.18563264650624	448.18563264650624
1503000.0	442.50559534181843	442.50559534181843
1504000.0	440.1178666396019	440.1178666396019
1505000.0	438.16683168233476	438.16683168233476
1506000.0	439.43867705932604	439.43867705932604
1507000.0	438.1829309909039	438.1829309909039
1508000.0	452.2436646128102	452.2436646128102
1509000.0	436.88693665106075	436.88693665106075
1510000.0	448.50560640432474	448.50560640432474
1511000.0	440.03737009675626	440.03737009675626
1512000.0	456.47275173266365	456.47275173266365
1513000.0	453.67247824835334	453.67247824835334
1514000.0	451.18412886757517	451.18412886757517
1515000.0	455.49371253027795	455.49371253027795
1516000.0	445.05331092294784	445.05331092294784
1517000.0	459.94517134975285	459.94517134975285
1518000.0	435.8535622822528	435.8535622822528
1519000.0	447.7650382101224	447.7650382101224
1520000.0	451.5363012425356	451.5363012425356
1521000.0	457.3612323243457	457.3612323243457
1522000.0	459.18850384698504	459.18850384698504
1523000.0	437.80157861916626	437.80157861916626
1524000.0	441.38266856909627	441.38266856909627
1525000.0	447.3877106655279	447.3877106655279
1526000.0	436.4391746314713	436.4391746314713
1527000.0	442.5740174032382	442.5740174032382
1528000.0	442.7792835875011	442.7792835875011
1529000.0	454.6444740032348	454.6444740032348
1530000.0	453.41187069088244	453.41187069088244
1531000.0	445.8562639378515	445.8562639378515
1532000.0	441.70163612012897	441.70163612012897
1533000.0	464.85344804988586	464.85344804988586
1534000.0	449.6224959363357	449.6224959363357
1535000.0	435.25587545160846	435.25587545160846
1536000.0	444.6498220019262	444.6498220019262
1537000.0	456.44860276981177	456.44860276981177
1538000.0	439.2897584550569	439.2897584550569
1539000.0	446.364398364578	446.364398364578
1540000.0	447.8545906140439	447.8545906140439
1541000.0	446.688396949536	446.688396949536
1542000.0	445.3803281282633	445.3803281282633
1543000.0	450.71020547156223	450.71020547156223
1544000.0	448.7652077550062	448.7652077550062
1545000.0	443.16868561352885	443.16868561352885
1546000.0	439.98001630997663	439.98001630997663
1547000.0	443.48161592384673	443.48161592384673
1548000.0	431.806598590589	431.806598590589
1549000.0	433.32295221647837	433.32295221647837
1550000.0	445.83211497499593	445.83211497499593
1551000.0	454.8115043296483	454.8115043296483
1552000.0	448.01960852688217	448.01960852688217
1553000.0	447.18445689483656	447.18445689483656
1554000.0	444.02999862199425	444.02999862199425
1555000.0	438.4485695823039	438.4485695823039
1556000.0	458.08268258961783	458.08268258961783
1557000.0	446.8725327913008	446.8725327913008
1558000.0	455.3548559938705	455.3548559938705
1559000.0	455.04896913104585	455.04896913104585
1560000.0	454.4422264393366	454.4422264393366
1561000.0	442.53376913181717	442.53376913181717
1562000.0	445.33706123648483	445.33706123648483
1563000.0	455.6496745820477	455.6496745820477
1564000.0	449.19988908638396	449.19988908638396
1565000.0	442.3184408796999	442.3184408796999
1566000.0	454.1101782000885	454.1101782000885
1567000.0	449.1405228860327	449.1405228860327
1568000.0	439.71135909822294	439.71135909822294
1569000.0	446.34528043565143	446.34528043565143
1570000.0	441.6895616386994	441.6895616386994
1571000.0	440.0162397542581	440.0162397542581
1572000.0	450.1618227734111	450.1618227734111
1573000.0	447.1230782809174	447.1230782809174
1574000.0	443.76134141024056	443.76134141024056
1575000.0	438.6759723158434	438.6759723158434
1576000.0	450.6226654812159	450.6226654812159
1577000.0	461.02684364426455	461.02684364426455
1578000.0	456.7041792933537	456.7041792933537
1579000.0	449.43534147421354	449.43534147421354
1580000.0	453.6765030754929	453.6765030754929
1581000.0	448.93123187463027	448.93123187463027
1582000.0	470.09276678247744	470.09276678247744
1583000.0	454.44122023254715	454.44122023254715
1584000.0	459.4551486451671	459.4551486451671
1585000.0	453.1794369234102	453.1794369234102
1586000.0	446.780967973815	446.780967973815
1587000.0	436.2429643082769	436.2429643082769
1588000.0	465.0657576816457	465.0657576816457
1589000.0	443.28842422101343	443.28842422101343
1590000.0	443.2069214713782	443.2069214713782
1591000.0	450.54015652479495	450.54015652479495
1592000.0	447.3957603198106	447.3957603198106
1593000.0	435.3675644048103	435.3675644048103
1594000.0	435.49736508015286	435.49736508015286
1595000.0	433.2917598061259	433.2917598061259
1596000.0	416.642056124887	416.642056124887
1597000.0	429.54263332300025	429.54263332300025
1598000.0	410.8704540027134	410.8704540027134
1599000.0	436.53275186252876	436.53275186252876
1600000.0	447.9280437093927	447.9280437093927
1601000.0	432.44050886551116	432.44050886551116
1602000.0	428.3834831059966	428.3834831059966
1603000.0	451.60069847681217	451.60069847681217
1604000.0	438.5230288844348	438.5230288844348
1605000.0	443.4282869642103	443.4282869642103
1606000.0	448.3747995221963	448.3747995221963
1607000.0	448.4482526175451	448.4482526175451
1608000.0	438.7413757569094	438.7413757569094
1609000.0	437.1576062763824	437.1576062763824
1610000.0	427.36721425254365	427.36721425254365
1611000.0	439.38736051326487	439.38736051326487
1612000.0	440.9459748241469	440.9459748241469
1613000.0	450.9828875104591	450.9828875104591
1614000.0	452.08770256104054	452.08770256104054
1615000.0	442.82154427249736	442.82154427249736
1616000.0	443.1556049253171	443.1556049253171
1617000.0	441.3122340941049	441.3122340941049
1618000.0	444.36808410195346	444.36808410195346
1619000.0	457.07748201080864	457.07748201080864
1620000.0	453.25691484590214	453.25691484590214
1621000.0	443.1032821724628	443.1032821724628
1622000.0	442.6525015325196	442.6525015325196
1623000.0	445.6228239635935	445.6228239635935
1624000.0	448.78533189071857	448.78533189071857
1625000.0	448.9453187696278	448.9453187696278
1626000.0	437.08817800817684	437.08817800817684
1627000.0	433.33804531826536	433.33804531826536
1628000.0	450.4747530837326	450.4747530837326
1629000.0	436.98956974318673	436.98956974318673
1630000.0	432.2986337087463	432.2986337087463
1631000.0	442.88996633391713	442.88996633391713
1632000.0	439.5916204907347	439.5916204907347
1633000.0	437.7130324220305	437.7130324220305
1634000.0	428.9701016619972	428.9701016619972
1635000.0	434.976149965211	434.976149965211
1636000.0	435.37058302516766	435.37058302516766
1637000.0	445.12575781151077	445.12575781151077
1638000.0	440.49318177063213	440.49318177063213
1639000.0	441.5678106176432	441.5678106176432
1640000.0	440.88560241701356	440.88560241701356
1641000.0	444.7977343994059	444.7977343994059
1642000.0	457.5262502371839	457.5262502371839
1643000.0	459.8908361833307	459.8908361833307
1644000.0	452.4630176920707	452.4630176920707
1645000.0	446.1722128685268	446.1722128685268
1646000.0	448.09205541544515	448.09205541544515
1647000.0	447.775100277984	447.775100277984
1648000.0	453.0556734887861	453.0556734887861
1649000.0	441.4601464915882	441.4601464915882
1650000.0	450.550218592653	450.550218592653
1651000.0	462.0199697416478	462.0199697416478
1652000.0	450.5129889415857	450.5129889415857
1653000.0	451.07646474151653	451.07646474151653
1654000.0	439.333025346839	439.333025346839
1655000.0	441.8767161008252	441.8767161008252
1656000.0	446.9288803712983	446.9288803712983
1657000.0	444.54618270300716	444.54618270300716
1658000.0	452.7296624902528	452.7296624902528
1659000.0	451.62082261252453	451.62082261252453
1660000.0	452.6904204256102	452.6904204256102
1661000.0	433.2605673957734	433.2605673957734
1662000.0	447.80729889511866	447.80729889511866
1663000.0	447.4682072083736	447.4682072083736
1664000.0	442.9070718492721	442.9070718492721
1665000.0	434.86949204593816	434.86949204593816
1666000.0	438.3499613173138	438.3499613173138
1667000.0	432.150721311263	432.150721311263
1668000.0	436.5428139303867	436.5428139303867
1669000.0	430.59915044787425	430.59915044787425
1670000.0	429.46817402086566	429.46817402086566
1671000.0	450.76353443119865	450.76353443119865
1672000.0	447.95319887903037	447.95319887903037
1673000.0	439.73248944072105	439.73248944072105
1674000.0	443.09523251818007	443.09523251818007
1675000.0	459.6664520701412	459.6664520701412
1676000.0	443.43533041170724	443.43533041170724
1677000.0	437.13949455424165	437.13949455424165
1678000.0	443.14956768459865	443.14956768459865
1679000.0	447.16131413876684	447.16131413876684
1680000.0	443.1193814810356	443.1193814810356
1681000.0	449.47961457278143	449.47961457278143
1682000.0	445.39441502326446	445.39441502326446
1683000.0	454.1574699190101	454.1574699190101
1684000.0	448.0417450761661	448.0417450761661
1685000.0	454.7179270985872	454.7179270985872
1686000.0	446.2134673467373	446.2134673467373
1687000.0	450.1950275973351	450.1950275973351
1688000.0	447.0667307009236	447.0667307009236
1689000.0	447.15728931162363	447.15728931162363
1690000.0	435.5295636972875	435.5295636972875
1691000.0	440.37042454279015	440.37042454279015
1692000.0	444.3932392715985	444.3932392715985
1693000.0	450.3831882662431	450.3831882662431
1694000.0	441.2599113412543	441.2599113412543
1695000.0	439.73349564750686	439.73349564750686
1696000.0	446.8171914180928	446.8171914180928
1697000.0	434.3523017581431	434.3523017581431
1698000.0	443.58525522276585	443.58525522276585
1699000.0	444.7212626836997	444.7212626836997
1700000.0	434.98218720592945	434.98218720592945
1701000.0	447.40481618088285	447.40481618088285
1702000.0	445.601693621099	445.601693621099
1703000.0	444.8882930101096	444.8882930101096
1704000.0	457.51518196254375	457.51518196254375
1705000.0	448.2208498840019	448.2208498840019
1706000.0	436.50659048610527	436.50659048610527
1707000.0	451.2676440307819	451.2676440307819
1708000.0	442.37981949362273	442.37981949362273
1709000.0	435.081801677698	435.081801677698
1710000.0	444.87621852868364	444.87621852868364
1711000.0	459.29214314590416	459.29214314590416
1712000.0	447.7026533894174	447.7026533894174
1713000.0	439.0623557215137	439.0623557215137
1714000.0	454.87791397749646	454.87791397749646
1715000.0	434.2375941845875	434.2375941845875
1716000.0	450.59348548443137	450.59348548443137
1717000.0	441.79923817833327	441.79923817833327
1718000.0	462.751482074778	462.751482074778
1719000.0	452.91782315915714	452.91782315915714
1720000.0	444.891311630467	444.891311630467
1721000.0	450.1869779430524	450.1869779430524
1722000.0	434.34123348350295	434.34123348350295
1723000.0	450.5109765280141	450.5109765280141
1724000.0	451.4155564282616	451.4155564282616
1725000.0	436.47338566218116	436.47338566218116
1726000.0	443.68386348775226	443.68386348775226
1727000.0	438.4988799215792	438.4988799215792
1728000.0	444.65988406978056	444.65988406978056
1729000.0	454.41405264933786	454.41405264933786
1730000.0	443.508783507056	443.508783507056
1731000.0	426.33383988373936	426.33383988373936
1732000.0	429.61004917763785	429.61004917763785
1733000.0	446.80813555702423	446.80813555702423
1734000.0	438.938592286886	438.938592286886
1735000.0	446.39458456814464	446.39458456814464
1736000.0	432.2764971594624	432.2764971594624
1737000.0	440.12692250067414	440.12692250067414
1738000.0	449.93039521272465	449.93039521272465
1739000.0	445.7496060185787	445.7496060185787
1740000.0	438.6649040412033	438.6649040412033
1741000.0	435.65332713191526	435.65332713191526
1742000.0	434.7316417163128	434.7316417163128
1743000.0	445.20021711364535	445.20021711364535
1744000.0	447.36154928910076	447.36154928910076
1745000.0	435.9501581336677	435.9501581336677
1746000.0	439.20221846471065	439.20221846471065
1747000.0	449.0298401396167	449.0298401396167
1748000.0	440.9047203459364	440.9047203459364
1749000.0	437.13848834745585	437.13848834745585
1750000.0	441.52152510550735	441.52152510550735
1751000.0	434.70849896024674	434.70849896024674
1752000.0	448.0819933475871	448.0819933475871
1753000.0	442.09506297329625	442.09506297329625
1754000.0	438.19601167911566	438.19601167911566
1755000.0	450.844030974048	450.844030974048
1756000.0	441.6332140587092	441.6332140587092
1757000.0	432.53911713050127	432.53911713050127
1758000.0	452.6572156016862	452.6572156016862
1759000.0	435.6110664469226	435.6110664469226
1760000.0	440.8986831052253	440.8986831052253
1761000.0	439.21429294614023	439.21429294614023
1762000.0	448.37580572898213	448.37580572898213
1763000.0	454.95740431355637	454.95740431355637
1764000.0	455.17977601317426	455.17977601317426
1765000.0	447.9069133668945	447.9069133668945
1766000.0	429.6513036558447	429.6513036558447
1767000.0	435.43900508658743	435.43900508658743
1768000.0	454.8477277739261	454.8477277739261
1769000.0	451.3511591939887	451.3511591939887
1770000.0	446.49721766027795	446.49721766027795
1771000.0	448.18563264650624	448.18563264650624
1772000.0	441.4581340780166	441.4581340780166
1773000.0	460.8336519414349	460.8336519414349
1774000.0	440.8352920777309	440.8352920777309
1775000.0	458.0494777656937	458.0494777656937
1776000.0	452.4016390781442	452.4016390781442
1777000.0	449.6516759331166	449.6516759331166
1778000.0	432.6669053922722	432.6669053922722
1779000.0	449.75430902524624	449.75430902524624
1780000.0	430.06183602436687	430.06183602436687
1781000.0	448.36775607469576	448.36775607469576
1782000.0	452.12291979853984	452.12291979853984
1783000.0	444.70918820227377	444.70918820227377
1784000.0	440.0645376799692	440.0645376799692
1785000.0	440.47507004848774	440.47507004848774
1786000.0	456.1427159069908	456.1427159069908
1787000.0	443.4775910967035	443.4775910967035
1788000.0	441.3414140908858	441.3414140908858
1789000.0	450.334890340532	450.334890340532
1790000.0	434.2315569438727	434.2315569438727
1791000.0	447.25489136982793	447.25489136982793
1792000.0	449.5399869799148	449.5399869799148
1793000.0	439.0351881383045	439.0351881383045
1794000.0	442.90103460856096	442.90103460856096
1795000.0	440.56261003883765	440.56261003883765
1796000.0	457.5403371321778	457.5403371321778
1797000.0	441.83646782940053	441.83646782940053
1798000.0	437.814659307378	437.814659307378
1799000.0	443.51180212741343	443.51180212741343
1800000.0	439.2565536311365	439.2565536311365
1801000.0	439.21831777328345	439.21831777328345
1802000.0	435.11500650162577	435.11500650162577
1803000.0	447.16433275912425	447.16433275912425
1804000.0	441.91797057903204	441.91797057903204
1805000.0	441.38367477588207	441.38367477588207
1806000.0	440.2376052470902	440.2376052470902
1807000.0	446.98724036486004	446.98724036486004
1808000.0	446.59280730490696	446.59280730490696
1809000.0	448.47441399397223	448.47441399397223
1810000.0	439.9186376960538	439.9186376960538
1811000.0	450.7796337397678	450.7796337397678
1812000.0	427.2605563332708	427.2605563332708
1813000.0	436.8265642439201	436.8265642439201
1814000.0	436.52973324217135	436.52973324217135
1815000.0	444.7544675076238	444.7544675076238
1816000.0	449.6506697263308	449.6506697263308
1817000.0	435.44001129337323	435.44001129337323
1818000.0	439.267621905773	439.267621905773
1819000.0	450.5582682469357	450.5582682469357
1820000.0	438.9234991851026	438.9234991851026
1821000.0	440.2828845524438	440.2828845524438
1822000.0	454.5176919482533	454.5176919482533
1823000.0	451.3300288514869	451.3300288514869
1824000.0	447.7177464912044	447.7177464912044
1825000.0	454.23595404828785	454.23595404828785
1826000.0	461.9223676834472	461.9223676834472
1827000.0	447.9391119840328	447.9391119840328
1828000.0	441.20255755447465	441.20255755447465
1829000.0	454.67667262037673	454.67667262037673
1830000.0	453.2367907101935	453.2367907101935
1831000.0	455.797586979531	455.797586979531
1832000.0	450.93257717118007	450.93257717118007
1833000.0	444.1658365380516	444.1658365380516
1834000.0	448.64848776787903	448.64848776787903
1835000.0	432.92851915652534	432.92851915652534
1836000.0	442.3778070800511	442.3778070800511
1837000.0	465.17442801449016	465.17442801449016
1838000.0	450.0692517491394	450.0692517491394
1839000.0	450.5582682469357	450.5582682469357
1840000.0	443.76134141024056	443.76134141024056
1841000.0	453.1925176116256	453.1925176116256
1842000.0	456.52306207194266	456.52306207194266
1843000.0	446.64311764418966	446.64311764418966
1844000.0	454.39493472040766	454.39493472040766
1845000.0	451.90960395999053	451.90960395999053
1846000.0	454.31041335042244	454.31041335042244
1847000.0	457.01207856974264	457.01207856974264
1848000.0	456.06221936414147	456.06221936414147
1849000.0	463.0583751443811	463.0583751443811
1850000.0	437.9132675723681	437.9132675723681
1851000.0	449.7211042013222	449.7211042013222
1852000.0	466.12328101330553	466.12328101330553
1853000.0	446.63708040347484	446.63708040347484
1854000.0	452.37749011529235	452.37749011529235
1855000.0	457.9045839885678	457.9045839885678
1856000.0	453.958240975462	453.958240975462
1857000.0	447.4903437576575	447.4903437576575
1858000.0	458.04344052497896	458.04344052497896
1859000.0	449.51382560348765	449.51382560348765
1860000.0	455.0630560260471	455.0630560260471
1861000.0	442.38384432076225	442.38384432076225
1862000.0	437.230053164949	437.230053164949
1863000.0	436.9946007771194	436.9946007771194
1864000.0	432.99794742473455	432.99794742473455
1865000.0	439.3632115504057	439.3632115504057
1866000.0	427.42154941896587	427.42154941896587
1867000.0	440.73668381274445	440.73668381274445
1868000.0	441.122061011629	441.122061011629
1869000.0	434.60888448847084	434.60888448847084
1870000.0	440.1188728463914	440.1188728463914
1871000.0	434.36940727349804	434.36940727349804
1872000.0	415.9799720599661	415.9799720599661
1873000.0	440.6048707238303	440.6048707238303
1874000.0	445.34812951112497	445.34812951112497
1875000.0	440.5766969338352	440.5766969338352
1876000.0	434.42474864670606	434.42474864670606
1877000.0	432.3972419737328	432.3972419737328
1878000.0	431.2209862413742	431.2209862413742
1879000.0	445.9126115178453	445.9126115178453
1880000.0	423.71166500047906	423.71166500047906
1881000.0	435.07777685055845	435.07777685055845
1882000.0	436.84769458641824	436.84769458641824
1883000.0	441.9672747115289	441.9672747115289
1884000.0	442.9875683921178	442.9875683921178
1885000.0	436.96743319390646	436.96743319390646
1886000.0	442.695768424298	442.695768424298
1887000.0	433.5996590825185	433.5996590825185
1888000.0	425.5389365231184	425.5389365231184
1889000.0	447.5627906462205	447.5627906462205
1890000.0	430.52569735252547	430.52569735252547
1891000.0	439.41553430325996	439.41553430325996
1892000.0	441.42694166766415	441.42694166766415
1893000.0	438.16884409590637	438.16884409590637
1894000.0	447.0295010498563	447.0295010498563
1895000.0	448.9181511864185	448.9181511864185
1896000.0	432.1245599348359	432.1245599348359
1897000.0	438.7222578279829	438.7222578279829
1898000.0	438.3177627001755	438.3177627001755
1899000.0	435.9964436458072	435.9964436458072
1900000.0	433.26358601613083	433.26358601613083
1901000.0	450.6297089287165	450.6297089287165
1902000.0	431.79754272952044	431.79754272952044
1903000.0	450.51600756194307	450.51600756194307
1904000.0	449.1344856453216	449.1344856453216
1905000.0	449.9112772838018	449.9112772838018
1906000.0	425.420204122416	425.420204122416
1907000.0	443.33772835350663	443.33772835350663
1908000.0	443.9595641470066	443.9595641470066
1909000.0	450.7333482276283	450.7333482276283
1910000.0	437.8911310230805	437.8911310230805
1911000.0	423.17636299053964	423.17636299053964
1912000.0	429.81732777546875	429.81732777546875
1913000.0	429.7690298497613	429.7690298497613
1914000.0	440.3774679902871	440.3774679902871
1915000.0	430.79636697785446	430.79636697785446
1916000.0	431.6345372302538	431.6345372302538
1917000.0	443.4463986863511	443.4463986863511
1918000.0	446.7849928009545	446.7849928009545
1919000.0	452.7356997309639	452.7356997309639
1920000.0	446.34628664243724	446.34628664243724
1921000.0	443.04592838568686	443.04592838568686
1922000.0	445.1428633268657	445.1428633268657
1923000.0	439.05028124008777	439.05028124008777
1924000.0	433.1579343036438	433.1579343036438
1925000.0	442.89700978141775	442.89700978141775
1926000.0	437.1767242053089	437.1767242053089
1927000.0	450.80478890940543	450.80478890940543
1928000.0	438.02495652556627	438.02495652556627
1929000.0	448.404985725763	448.404985725763
1930000.0	446.1752314888842	446.1752314888842
1931000.0	453.9109492565404	453.9109492565404
1932000.0	447.60404512443097	447.60404512443097
1933000.0	445.56245155645644	445.56245155645644
1934000.0	455.4876752895668	455.4876752895668
1935000.0	452.57671905884047	452.57671905884047
1936000.0	445.37529709433795	445.37529709433795
1937000.0	454.82357881107424	454.82357881107424
1938000.0	440.73970243310185	440.73970243310185
1939000.0	438.11350272269834	438.11350272269834
1940000.0	457.49807644718516	457.49807644718516
1941000.0	447.03352587699584	447.03352587699584
1942000.0	446.16416321424407	446.16416321424407
1943000.0	432.6226322937044	432.6226322937044
1944000.0	433.3722563489716	433.3722563489716
1945000.0	441.33235822981726	441.33235822981726
1946000.0	429.8515388061786	429.8515388061786
1947000.0	442.6917435971548	442.6917435971548
1948000.0	449.7211042013222	449.7211042013222
1949000.0	439.1991998443569	439.1991998443569
1950000.0	437.88710619594093	437.88710619594093
1951000.0	428.3351851802892	428.3351851802892
1952000.0	444.39323927159484	444.39323927159484
1953000.0	446.6803472952569	446.6803472952569
1954000.0	447.2891024005378	447.2891024005378
1955000.0	441.05766377734875	441.05766377734875
1956000.0	437.154587656025	437.154587656025
1957000.0	446.64009902383225	446.64009902383225
1958000.0	436.2208277589966	436.2208277589966
1959000.0	444.56731304550163	444.56731304550163
1960000.0	424.6081952464402	424.6081952464402
1961000.0	441.00534102449814	441.00534102449814
1962000.0	450.0581834744993	450.0581834744993
1963000.0	451.7053439825171	451.7053439825171
1964000.0	444.34091651874786	444.34091651874786
1965000.0	439.4014474082588	439.4014474082588
1966000.0	433.43162254932645	433.43162254932645
1967000.0	451.9568956789158	451.9568956789158
1968000.0	444.95168403760397	444.95168403760397
1969000.0	440.59782727632967	440.59782727632967
1970000.0	434.45493485027276	434.45493485027276
1971000.0	439.9297059706976	439.9297059706976
1972000.0	444.7444054397695	444.7444054397695
1973000.0	433.90755835891105	433.90755835891105
1974000.0	431.3004765774341	431.3004765774341
1975000.0	432.557228852642	432.557228852642
1976000.0	446.93793623236684	446.93793623236684
1977000.0	435.43900508658743	435.43900508658743
1978000.0	428.1923038167312	428.1923038167312
1979000.0	432.48880679122226	432.48880679122226
1980000.0	425.4493841191969	425.4493841191969
1981000.0	445.33706123648483	445.33706123648483
1982000.0	429.3152305894534	429.3152305894534
1983000.0	447.0254762227131	447.0254762227131
1984000.0	440.517330733484	440.517330733484
1985000.0	427.7606411057109	427.7606411057109
1986000.0	455.97367316700934	455.97367316700934
1987000.0	439.81097356999516	439.81097356999516
1988000.0	447.3384065330347	447.3384065330347
1989000.0	452.2074411685251	452.2074411685251
1990000.0	428.1349500299516	428.1349500299516
1991000.0	441.1633154898358	441.1633154898358
1992000.0	446.71958935989215	446.71958935989215
1993000.0	450.04107795914433	450.04107795914433
1994000.0	449.70802351311045	449.70802351311045
1995000.0	451.27971851220786	451.27971851220786
1996000.0	442.14939813971847	442.14939813971847
1997000.0	447.7308271794125	447.7308271794125
1998000.0	445.15695022186327	445.15695022186327
1999000.0	452.49924113635217	452.49924113635217
2000000.0	447.63322512121186	447.63322512121186
