0	395.3718508841954
1000	376.5618212342796
2000	387.5606676076189
3000	383.64954183201235
4000	399.22562287302594
5000	394.20666342647695
6000	397.7625982067693
7000	409.9558120346079
8000	395.6304460280911
9000	384.1295024687438
10000	404.1771664649337
11000	391.772649212121
12000	408.9818038661512
13000	402.50585699406037
14000	384.46155070798824
15000	392.5997511898802
16000	380.96900695518667
17000	394.80334405033557
18000	397.3872830757428
19000	403.34603966003493
20000	398.27878228777854
21000	398.3492167627699
22000	391.3077816771766
23000	383.95341628126175
24000	398.4639243363291
25000	403.0149976275763
26000	404.4126188527633
27000	384.60644448511414
28000	374.85026349198523
29000	385.9125008928153
30000	400.5930578946463
31000	392.9489049444796
32000	384.8720830765104
33000	381.10283245767243
34000	378.78654443722945
35000	390.1607059415989
36000	376.13619576397406
37000	391.5261285496476
38000	397.4828727203718
39000	373.5854615624946
40000	386.9992042212596
41000	399.94506072472285
42000	384.14358936374134
43000	391.8038416224735
44000	383.6837528627259
45000	373.156817471828
46000	380.060402227796
47000	402.02086532340724
48000	398.0664726560187
49000	383.7229949273611
50000	392.0453312510179
51000	373.83701325888967
52000	395.41310536240223
53000	386.3139774002653
54000	394.6695185478498
55000	378.6084458361831
56000	388.16539788576017
57000	417.58587808977705
58000	383.9161866301981
59000	391.4255078710932
60000	380.4075435688237
61000	380.61482216665826
62000	409.28265969504315
63000	395.5036639731096
64000	382.35757231930876
65000	383.0991467202933
66000	381.9289282286422
67000	393.35038145193323
68000	381.8695620282946
69000	393.84946001758755
70000	406.4471689732372
71000	403.61771549214603
72000	386.0141277781628
73000	390.51388452334146
74000	383.31346876562475
75000	381.22659589230017
76000	385.1558333900511
77000	383.23599084313275
78000	403.9044844260404
79000	387.33125246050406
80000	393.5868400465487
81000	372.90325336185765
82000	383.9564349016191
83000	380.33610288705023
84000	388.6544143835638
85000	392.64201187487646
86000	387.2004455783757
87000	388.5890109424978
88000	393.4932628154875
89000	393.2859842176567
90000	395.24406262242445
91000	403.2363631204047
92000	393.2376862919493
93000	390.8197713861624
94000	391.167918933976
95000	391.69919611677227
96000	393.7538703729585
97000	388.9200529749601
98000	398.13891954457796
99000	373.1055009257631
100000	395.3678260570522
101000	385.79578090568447
102000	385.2363299328968
103000	376.40887780287096
104000	376.06073025505736
105000	382.8898557088871
106000	384.4997865658413
107000	370.9240446145954
108000	394.0828999918455
109000	400.97742888674134
110000	397.83001406140323
111000	399.1048780587519
112000	386.2224125827758
113000	405.16626773517737
114000	396.6094852304768
115000	401.27526609527956
116000	396.2130397569521
117000	374.9398158959031
118000	388.1754599536182
119000	388.42499923644533
120000	369.52038614868997
121000	394.791269568906
122000	392.1368960685074
123000	388.3907882057391
124000	394.5145627028659
125000	402.5974218115535
126000	404.60077952167495
127000	398.2103602263588
128000	389.1585239831434
129000	386.6339511580874
130000	383.6596038998704
131000	387.47312761727255
132000	400.1986248346932
133000	402.6507507711899
134000	400.78021235676846
135000	391.4858802782266
136000	392.3894539716919
137000	377.09108600350424
138000	379.78067674140215
139000	400.9371806153203
140000	387.00524146197074
141000	389.2370081124212
142000	376.74495086925856
143000	390.9827768854291
144000	377.94032453054734
145000	398.61787397452355
146000	392.7557132416463
147000	388.1694227129071
148000	380.1137311874324
149000	386.6037649545171
150000	397.18201689147986
151000	389.2450577667076
152000	391.2564651311118
153000	396.531001101199
154000	377.5378418163115
155000	403.37421345003
156000	386.53232427273997
157000	386.2063132742103
158000	378.5390175679739
159000	383.8527956027037
160000	381.3664586354971
161000	392.99519045661907
162000	396.90933485258665
163000	385.58749610107145
164000	374.85026349198523
165000	389.58012462630944
166000	392.8965821916326
167000	377.8618404012696
168000	405.6150359615527
169000	398.5937250116717
170000	412.50050899537626
171000	401.4483336624042
172000	406.7198510121341
173000	395.43524191168615
174000	409.9558120346079
175000	397.62575408392615
176000	393.8786400143721
177000	390.2633390337285
178000	384.89522583258014
179000	392.0966477970827
180000	378.2713665630097
181000	385.6428374742795
182000	389.9302845876983
183000	400.4924372160882
184000	400.4773441143049
185000	387.338295908001
186000	400.84964062497403
187000	383.5851445977358
188000	395.94337633841263
189000	400.7671316685531
190000	406.66652205249767
191000	403.1689472657707
192000	395.22494469349425
193000	386.02922087994614
194000	373.33189745252054
195000	381.5516006840477
196000	402.1144425544647
197000	386.32403946812326
198000	386.0191588120881
199000	373.88229256424336
200000	385.11860373898384
201000	382.20865371503965
202000	383.3718287591865
203000	374.20226632206186
204000	403.5653927392954
205000	384.0832169566043
206000	391.7988105885445
207000	385.14677752897893
208000	378.44040930298746
209000	384.06208661410614
210000	395.16557849314665
211000	377.6354438745122
212000	381.8846551300816
213000	391.1840182425488
214000	383.09109706600685
215000	384.7171272315302
216000	374.4779669813125
217000	379.31882782681146
218000	382.72685020962416
219000	400.3022641336086
220000	396.62357212547437
221000	381.54556344333656
222000	391.21118582576173
223000	387.03844628589485
224000	410.2757857924264
225000	385.94872433709673
226000	404.2455885263571
227000	402.5984280183393
228000	415.38127902253586
229000	384.1707569469506
230000	396.9395210561533
231000	394.33646410181956
232000	399.72872626582347
233000	395.8437618666368
234000	385.3168264757425
235000	383.73305699521546
236000	372.6426458043903
237000	375.78402338901725
238000	381.42984966298786
239000	383.2239163617068
240000	386.4880511741757
241000	386.3612691191906
242000	370.7751260103263
243000	404.4136250595491
244000	392.17311951278884
245000	391.26451478539815
246000	396.34787146622006
247000	399.28197045301613
248000	390.5048286622729
249000	379.8008008771108
250000	381.6019110233267
251000	386.57156633737884
252000	385.9366498556708
253000	406.6806089474952
254000	396.8187762418793
255000	389.94839630983904
256000	403.7022368621386
257000	406.9190799556822
258000	392.2888332931339
259000	401.7471770777209
260000	394.73391578212636
261000	393.1008421691061
262000	389.81054598021007
263000	397.7565609660545
264000	377.3023894284783
265000	388.67755713963356
266000	374.77882281020806
267000	398.3492167627699
268000	400.71279650213086
269000	382.77414192854576
270000	399.01331324126244
271000	408.44952047657284
272000	384.00372662054076
273000	382.0708033854143
274000	404.8865422487799
275000	390.8469389693754
276000	397.46979203216006
277000	390.31968661372235
278000	388.20564615718854
279000	391.00994446863837
280000	386.22543120313685
281000	401.13842197244
282000	395.8548301412769
283000	405.2115470405274
284000	379.6166650353497
285000	370.2307681393183
286000	385.8491098653245
287000	399.67137247904384
288000	394.65040061892324
289000	396.8228010690225
290000	403.2796300121868
291000	381.44293035120324
292000	384.23716659480243
293000	380.85832420877426
294000	382.9763894924513
295000	396.31869146943916
296000	396.86003072008975
297000	406.1976296904137
298000	395.6475515434497
299000	409.4225224382401
300000	391.6398299164247
301000	401.49160055418264
302000	391.62071198749817
303000	400.8868702760413
304000	413.74216816880084
305000	396.5521314436972
306000	385.30877682145973
307000	399.89575659222965
308000	405.9329973057996
309000	413.12636961601936
310000	410.38948715919986
311000	392.5554780913123
312000	413.1334130635163
313000	396.7825527975978
314000	411.6241028851238
315000	417.3061526033796
316000	390.9385037868649
317000	412.44114279502503
318000	383.64551700486913
319000	421.1558997650669
320000	411.95715733115776
321000	399.35642975515066
322000	392.6882973870123
323000	392.86840840163387
324000	390.17378662981065
325000	398.3492167627699
326000	396.452516971925
327000	393.007264938045
328000	390.8237962133056
329000	398.1761491956452
330000	397.27660032932306
331000	417.0787498698364
332000	391.5070106207247
333000	395.02068471602445
334000	411.4661284197862
335000	380.19221531671013
336000	406.17046210720076
337000	397.3581030789619
338000	394.48940753322455
339000	393.59891452797825
340000	395.28632330742073
341000	401.1203102502993
342000	401.2360240306407
343000	403.6106720446454
344000	410.29289130778136
345000	397.4325623810928
346000	408.99186593400555
347000	394.9009461085362
348000	395.44631018633
349000	398.79396016200565
350000	378.7462961658084
351000	391.2192354800445
352000	388.40588130752246
353000	393.04248217554067
354000	393.43691523549376
355000	395.2732426192053
356000	392.95896701233755
357000	388.6815819667731
358000	391.3097940907482
359000	383.15448809350124
360000	396.5742679929811
361000	395.080050916372
362000	404.2445823195713
363000	390.5943810661908
364000	389.2370081124212
365000	400.8929075167524
366000	392.3109698424142
367000	395.6898122284423
368000	395.4000246741905
369000	388.56989301357123
370000	390.90731137650874
371000	381.52242068726315
372000	387.5656986415479
373000	397.4043885910977
374000	396.49477765692126
375000	401.68378605023014
376000	393.9299565604369
377000	398.2717388402779
378000	394.7711454331936
379000	381.5777620604712
380000	408.73830182403884
381000	395.72905429308116
382000	410.99522364412695
383000	404.5001588431096
384000	401.53587365274683
385000	393.3986793776443
386000	393.06059389768507
387000	396.98580656828915
388000	396.58231764726753
389000	399.6301180008297
390000	389.7904218444977
391000	399.24574700873467
392000	392.0906105563679
393000	404.79296501772245
394000	398.503166400968
395000	391.6247368146377
396000	405.05156016161817
397000	399.91990555508517
398000	386.20228844706713
399000	375.5686951369
400000	399.87160762937776
401000	398.7788670602186
402000	399.63917386190553
403000	378.97168648578366
404000	407.4775247216877
405000	388.84358125925394
406000	399.29404493444207
407000	401.73510259629865
408000	383.5901756316648
409000	391.53518441072345
410000	376.15028265897524
411000	392.82011047592647
412000	393.3262324890777
413000	386.6540752937998
414000	381.5475758569045
415000	382.4179447264458
416000	394.4783392585844
417000	408.4807128869253
418000	398.45386226847114
419000	397.37621480109897
420000	390.5571514151199
421000	395.5177508681071
422000	395.5992536177386
423000	395.86891703628174
424000	409.80085618962397
425000	400.3113199946772
426000	387.7609027579528
427000	397.00190587685825
428000	389.01664882637493
429000	395.8850163448509
430000	400.16441380398334
431000	400.1976186279074
432000	401.6193888159536
433000	398.4649305431113
434000	381.6089544708273
435000	393.27290352944493
436000	398.45184985489954
437000	402.01180946233507
438000	409.79180032855544
439000	407.803535720221
440000	400.5014930771568
441000	401.9534494687733
442000	376.46522538286473
443000	394.19257653147577
444000	387.76995861902134
445000	377.42715906989184
446000	396.75739762796013
447000	388.8063516081867
448000	398.9106801491328
449000	376.60307571249007
450000	396.7453231465305
451000	390.0087687169724
452000	392.6530801495166
453000	401.9363439534147
454000	400.48539376858764
455000	387.5787793297633
456000	393.2849780108709
457000	402.8197935111714
458000	408.7775438886777
459000	400.53167928072344
460000	401.5308426188215
461000	417.02441470341046
462000	404.60379814202867
463000	410.2667299313579
464000	390.773485874023
465000	406.9130427149711
466000	387.00725387554235
467000	393.15819595588573
468000	398.86640705056493
469000	392.605788430595
470000	394.4944385671572
471000	390.79763483688214
472000	396.4333990429984
473000	407.53487850846733
474000	392.9509173580512
475000	386.87644699341763
476000	403.8420996053355
477000	394.18855170433625
478000	393.9530993165066
479000	417.0133464287703
480000	404.85031880449844
481000	400.90296958461045
482000	397.3832582485996
483000	392.63999946130485
484000	388.49342129786874
485000	383.2460529109908
486000	395.8447680734262
487000	399.1421077098192
488000	389.77432253592855
489000	391.7233450796278
490000	392.6601235970136
491000	405.55667596798725
492000	385.8642029671079
493000	393.5375359140554
494000	410.7134857441615
495000	414.68800254726244
496000	431.4202151849186
497000	400.621231684645
498000	419.7653219873732
499000	407.88000743592715
500000	409.74652102320545
501000	417.36853742408454
502000	392.834197370924
503000	395.61032189237875
504000	400.8898888963987
505000	400.1523393225574
506000	390.6195362358285
507000	391.6267492282093
508000	425.2934220674345
509000	405.75188008439216
510000	396.34787146622006
511000	400.6051323760722
512000	395.72905429308116
513000	384.33275623943143
514000	380.56249941380764
515000	384.87610790365363
516000	393.2487545665894
517000	402.66483766618745
518000	399.26184631730376
519000	412.9120475706879
520000	392.2737401913469
521000	414.8882376975964
522000	395.53888121060527
523000	390.4001831565717
524000	392.4598884466833
525000	392.5524594709586
526000	404.99823120198175
527000	407.86390812735436
528000	401.7139722538005
529000	389.1414184677885
530000	395.6958494691571
531000	388.226776499683
532000	397.88636164139706
533000	414.79767908688905
534000	406.2237910668372
535000	416.26573478707104
536000	411.276961544096
537000	409.3973672686024
538000	415.18909352648836
539000	401.34469436348877
540000	404.6269408980984
541000	411.3735573955109
542000	387.39665590157006
543000	393.5264676394153
544000	405.26185737981007
545000	398.0282367981656
546000	397.0602658704237
547000	393.23164905123446
548000	389.26518190241626
549000	416.0846175656673
550000	412.2539883329065
551000	391.71328301176976
552000	396.5199328265589
553000	400.36666136788887
554000	409.79984998283817
555000	416.70343473880985
556000	409.37824933967954
557000	410.5213002481104
558000	392.47296913489504
559000	391.498960966442
560000	411.63315874619605
561000	418.0628201061474
562000	402.37404390514985
563000	405.97928281793537
564000	395.5529681055991
565000	400.18956897362466
566000	400.68562891892157
567000	403.99403682995836
568000	382.8868370885334
569000	407.21691716422043
570000	396.35089008657746
571000	411.6985621872584
572000	410.43275405098194
573000	400.90598820496785
574000	406.4522000071662
575000	410.365338196348
576000	401.42217228597707
577000	386.1640525892177
578000	413.59727439167494
579000	412.7731910342768
580000	410.40357405419735
581000	387.019328356972
582000	408.88017698080733
583000	390.68695209046615
584000	391.09748445898833
585000	405.21355945409897
586000	389.2068219088545
587000	396.77752176367244
588000	405.09281463982495
589000	390.8157465590229
590000	403.71732996391825
591000	404.15804853601077
592000	418.3294649043295
593000	403.6418644549979
594000	410.7074485034504
595000	394.87176611175533
596000	408.81376733295554
597000	376.46623158965053
598000	385.49291266322456
599000	398.19828574493283
600000	397.77366648140946
601000	402.4847266515659
602000	387.948057220075
603000	396.3126542287244
604000	390.51287831655566
605000	388.70774334319657
606000	398.4679491634723
607000	380.9428455787632
608000	385.2071499361123
609000	387.9903179050676
610000	389.0760150267298
611000	388.5387006032188
612000	377.05989359315174
613000	397.77366648140946
614000	396.39717559871696
615000	398.2626829792094
616000	383.6123121809451
617000	388.2167144318287
618000	404.21842094314417
619000	377.52878595523936
620000	402.93047625758743
621000	388.9069722867484
622000	395.9323080637725
623000	399.4238456097846
624000	400.1573703564827
625000	381.3402972590736
626000	390.50784728263034
627000	388.3465151071676
628000	384.5038113929845
629000	387.7055613847484
630000	392.89255736448945
631000	389.7904218444977
632000	399.6945152351099
633000	395.46442190846705
634000	396.1607170041015
635000	401.6475626059487
636000	383.31447497240686
637000	396.20297768909415
638000	392.44479534489994
639000	384.70505275010055
640000	390.550107967623
641000	383.89304387412835
642000	391.36815408430994
643000	392.2817898456333
644000	380.6721759534379
645000	398.5172532959619
646000	357.7397171029415
647000	393.3312635230067
648000	381.24772623479834
649000	382.82243985425316
650000	404.9821318934126
651000	392.13085882779626
652000	397.8078775121193
653000	392.1459519295796
654000	391.51405406822533
655000	380.79191456092246
656000	386.86034768484853
657000	409.7837506742727
658000	405.60899872083786
659000	388.70271230927125
660000	402.71414179868066
661000	395.14746677100595
662000	376.9562542942363
663000	389.93028458769464
664000	368.12377113028145
665000	381.81321444830076
666000	398.9982201394791
667000	396.6738824647534
668000	401.5902088191727
669000	393.27290352944493
670000	393.3694993808598
671000	393.5868400465487
672000	389.28429983134646
673000	396.22310182481016
674000	396.2713997505139
675000	386.1851829317122
676000	398.8010036095026
677000	393.6391627993993
678000	400.0456814032809
679000	391.46877476287165
680000	376.93512395173815
681000	409.0250707579296
682000	390.17177421623904
683000	401.1364095588684
684000	414.86308252795504
685000	407.17666889279207
686000	403.0250596954306
687000	408.00578328412655
688000	391.5080168275105
689000	416.48408165954936
690000	399.48723663727907
691000	410.7215353984443
692000	412.9392151538972
693000	405.6180545819064
694000	409.339007275037
695000	421.4255631836064
696000	398.74968706343407
697000	395.26720537849417
698000	386.7808573487813
699000	397.29974308539283
700000	402.3579445965807
701000	393.72368416938815
702000	383.1243018899309
703000	381.1964096887335
704000	394.38073720038375
705000	391.4778306239438
706000	383.97152800340245
707000	399.21556080516797
708000	396.8439314115206
709000	388.4974461250083
710000	387.42080486442563
711000	383.2269349820642
712000	397.27358170896935
713000	410.06448236745234
714000	397.7937906171218
715000	401.622407436311
716000	396.14562390231816
717000	406.10505866613477
718000	386.88751526805777
719000	397.4788478932286
720000	393.57979659904805
721000	401.1374157656542
722000	397.6982009724891
723000	406.5246468957291
724000	394.4813578789418
725000	397.8038526849761
726000	404.18420991243426
727000	410.46495266811655
728000	407.3366557717013
729000	383.2480653245587
730000	400.34251240503335
731000	393.2849780108709
732000	383.92826111162407
733000	390.73826863653096
734000	385.6951602271301
735000	402.1184673816079
736000	387.83938688723055
737000	383.9584473151907
738000	405.7418180165342
739000	390.3830776412131
740000	388.5578185321453
741000	404.3914885102688
742000	379.2232381821824
743000	386.20228844706713
744000	390.28648178979824
745000	390.27239489479706
746000	381.47613517512735
747000	378.16772726409056
748000	392.9257621884135
749000	398.4367567531162
750000	393.28095318372766
751000	407.17264406565255
752000	380.0905884313626
753000	383.55193977381174
754000	393.830342088661
755000	403.69217479428056
756000	389.0528722706564
757000	408.044019141976
758000	388.13420547541136
759000	408.73729561725304
760000	388.02754755613853
761000	401.24004885778754
762000	387.05052076732443
763000	405.4248628790731
764000	395.29638537527507
765000	396.96065139865146
766000	385.09847960327147
767000	406.95329098639206
768000	385.2292864853962
769000	388.8606867746089
770000	393.0183332126888
771000	398.20331677885815
772000	400.28314620468575
773000	389.0830584742231
774000	403.18806519469365
775000	408.50385564299506
776000	409.622757588574
777000	384.9052879004345
778000	413.10121444637804
779000	389.84777563127733
780000	393.57778418547645
781000	392.37939190383395
782000	384.2502472830105
783000	408.5269983990648
784000	397.4325623810928
785000	396.84695003187437
786000	403.6428706617837
787000	400.3837668832438
788000	397.59657408714526
789000	394.84661094211395
790000	400.2459165536185
791000	388.0345910036355
792000	410.9630250269887
793000	390.06209767661244
794000	387.3564076301454
795000	389.0609219249428
796000	392.1962622688549
797000	413.7532364434446
798000	386.56854771702143
799000	409.5362238050172
800000	397.2142155086218
801000	406.2338531346915
802000	407.93132398199197
803000	400.4169717071679
804000	399.7830614322457
805000	391.88735678568025
806000	410.217425798861
807000	386.881478027343
808000	396.2059963094552
809000	393.2155497426653
810000	401.16760196922456
811000	412.4099503846762
812000	391.77768024605
813000	411.4309111822905
814000	395.0478522992337
815000	397.26855067504033
816000	380.6601014720083
817000	387.6612882861806
818000	390.838889315089
819000	397.732412003199
820000	371.3758314613244
821000	364.5909791060552
822000	371.91314588483175
823000	372.8479119886496
824000	376.4682440032185
825000	382.2951874986001
826000	381.93597167614644
827000	394.7409592296269
828000	394.01850275756897
829000	401.19175093207645
830000	398.1389195445816
831000	391.14376997112413
832000	388.4441171653719
833000	396.2351763062361
834000	397.4345747946644
835000	409.15587764006165
836000	403.0109728004331
837000	384.5239355286968
838000	394.896921281393
839000	391.58650095678826
840000	396.68193211903974
841000	393.6643179690406
842000	403.6458892821411
843000	398.37537813919704
844000	390.18887973159394
845000	392.0131326338796
846000	390.3488666105032
847000	384.7271892993845
848000	386.5725725441683
849000	393.91385725186774
850000	390.83385828116366
851000	393.4218221337104
852000	381.67133929153226
853000	384.6688293058191
854000	380.51017666095703
855000	392.73458289915175
856000	387.759896551167
857000	392.30292018812776
858000	388.6131599053533
859000	394.87880955925226
860000	386.5101877234597
861000	393.3151642144376
862000	385.9809229542387
863000	395.9121839280602
864000	400.50451169751415
865000	378.38506792977944
866000	400.4662758396611
867000	386.6299263309442
868000	389.644521860586
869000	384.33979968692836
870000	393.0696497587536
871000	391.1196210082686
872000	398.2415526367113
873000	386.7879007962819
874000	386.3703249802591
875000	393.49930005620234
876000	391.5009733800136
877000	384.8056734286586
878000	390.1627183551668
879000	396.80468934688173
880000	382.1412378604057
881000	383.31950600633587
882000	394.67454958177876
883000	388.21168339789966
884000	385.9034450317431
885000	399.39768423336113
886000	395.7421349812929
887000	385.95174295745414
888000	400.14932070219635
889000	375.7769799415167
890000	378.21602518979796
891000	385.98092295423504
892000	389.96650803197974
893000	375.5797634115401
894000	389.6485466877292
895000	364.83045632103165
896000	390.6225548561859
897000	378.7362340979541
898000	385.2645037228919
899000	374.4709235338155
900000	390.81071552509025
901000	388.8335191913996
902000	395.9152025484176
903000	388.65240196999224
904000	367.1306450328982
905000	385.8833208960344
906000	396.0158232269756
907000	385.4305278425196
908000	390.9465534411476
909000	383.80751629735
910000	388.9220653885317
911000	397.86221267854154
912000	403.4577286132368
913000	383.2722142874142
914000	398.7849043009334
915000	402.76143351760595
916000	413.5590385338255
917000	405.0616222294725
918000	410.72757263916276
919000	387.42382348477935
920000	404.0936513017306
921000	399.2739207987334
922000	400.9834661274598
923000	403.5392313628683
924000	407.6475736684513
925000	404.1902471531491
926000	408.68698527797403
927000	412.17349179005714
928000	409.6378506903573
929000	389.7843846037866
930000	389.81960184128224
931000	396.4837093822738
932000	395.64050809594545
933000	410.43074163741034
934000	389.16556743064405
935000	388.75201644176445
936000	392.17311951278884
937000	401.98363567233633
938000	394.7651081924788
939000	397.1890603389804
940000	403.4557161996652
941000	395.6888060216602
942000	401.6314632973832
943000	391.8018292089019
944000	387.57374829583426
945000	402.4313976919295
946000	397.96283335710325
947000	399.2316601137371
948000	414.7332818526125
949000	396.45553559228233
950000	398.904642908418
951000	400.04366898971296
952000	387.9128399825793
953000	397.33898515003534
954000	402.7996693754554
955000	394.4189730582368
956000	408.7312583765382
957000	389.43523084918354
958000	388.43506130430336
959000	413.17667995529837
960000	398.0805595510162
961000	385.81389262782517
962000	395.83068117842504
963000	395.5157384545355
964000	391.0924534250593
965000	396.6517459154731
966000	388.97640055495026
967000	386.8573290644911
968000	390.0077625101866
969000	377.9403245305437
970000	391.3218685721778
971000	389.0126239992317
972000	365.2128148995551
973000	380.6047600988039
974000	379.6921305442664
975000	387.1843462698102
976000	395.3165095109874
977000	390.63966037154086
978000	390.5008038351297
979000	388.43304889072806
980000	380.1650477334972
981000	383.8185845719938
982000	379.68206847641204
983000	376.447113660724
984000	394.57996614393187
985000	393.94907448936345
986000	403.86926718854477
987000	388.05873996648734
988000	382.6835833178421
989000	368.55744625487335
990000	383.2098294667056
991000	373.27353745895516
992000	376.17644403539873
993000	381.84138823829954
994000	370.3887426046596
995000	374.8522759055532
996000	389.9182101062687
997000	382.0033875307767
998000	395.83369979878245
999000	389.07500881994036
1000000	404.28583679778177
1001000	391.8964126467488
1002000	381.5063213786977
1003000	394.8757909388985
1004000	396.8892107168743
1005000	400.26302206896975
1006000	368.73655106270917
1007000	401.4382715945462
1008000	385.1860195936178
1009000	395.9131901348423
1010000	404.3431905845577
1011000	394.60914614071277
1012000	389.2732315567027
1013000	405.148156013033
1014000	403.81996305604787
1015000	394.2106882536165
1016000	402.51390664834673
1017000	404.26269404171205
1018000	405.6432097515477
1019000	372.7965954425848
1020000	395.0287343703035
1021000	399.9229241754426
1022000	388.37971993109534
1023000	374.8251083223439
1024000	386.46188979775224
1025000	393.35340007229064
1026000	390.59136244583345
1027000	398.69132706987233
1028000	391.717307838913
1029000	394.9150330035374
1030000	394.53267442501027
1031000	386.4769828995356
1032000	393.9551117300746
1033000	364.378669474299
1034000	385.0330761622055
1035000	388.84760608639715
1036000	389.1444370881459
1037000	392.97003528697775
1038000	393.3141580076554
1039000	387.1129055880294
1040000	393.5727531515511
1041000	408.0631370709025
1042000	401.2068440338598
1043000	402.42737286478626
1044000	400.0607745050679
1045000	403.30277276825285
1046000	388.03660341720706
1047000	400.0034207182883
1048000	385.43958370358445
1049000	402.3649880440813
1050000	386.57156633737884
1051000	403.3681762093189
1052000	397.18402930505147
1053000	381.66328963724953
1054000	385.5955457553542
1055000	394.89390266103925
1056000	397.41445065895203
1057000	402.2341811619529
1058000	400.78121856355426
1059000	395.5449184513164
1060000	405.43291253335946
1061000	402.61452732690844
1062000	405.31015530551747
1063000	389.232983285278
1064000	397.5553196089348
1065000	388.6403274885626
1066000	379.799794670325
1067000	399.8756324565173
1068000	385.44360853073135
1069000	397.8752933667533
1070000	368.85226484305423
1071000	385.7987995260418
1072000	388.9512453853126
1073000	386.25058637277453
1074000	393.7357586508178
1075000	391.48789269179815
1076000	374.8281269427013
1077000	378.175776918377
1078000	398.08156575779833
1079000	390.1355507719575
1080000	392.86438357449066
1081000	398.59674363202544
1082000	400.4220027410932
1083000	384.1083721262456
1084000	386.30190291883935
1085000	391.73843818141114
1086000	388.7540288553397
1087000	403.4848961964461
1088000	386.8502856169905
1089000	384.74831964188263
1090000	383.1243018899309
1091000	396.32070388301076
1092000	383.9654907626877
1093000	386.22040016920784
1094000	399.97323451471794
1095000	391.7525250764123
1096000	394.26904824718196
1097000	393.0968173419629
1098000	388.96935710745333
1099000	383.31045014526734
1100000	390.5038224554871
1101000	397.37319618074156
1102000	392.20229950956974
1103000	388.57794266785766
1104000	397.81492095961994
1105000	399.3674980297908
1106000	398.10068368672853
1107000	406.4089331153841
1108000	391.12465204220126
1109000	393.240704912303
1110000	405.5506387272724
1111000	405.0827525719743
1112000	388.2730620118225
1113000	396.8982665779428
1114000	414.86509494152665
1115000	398.0876029985168
1116000	395.00156678709425
1117000	392.44781396525735
1118000	388.5910233560694
1119000	396.12851838695957
1120000	390.1808300773112
1121000	385.8289857296085
1122000	393.173289057669
1123000	399.96920968757473
1124000	406.4039020814588
1125000	382.91601708531425
1126000	398.13690713101005
1127000	391.6046126789254
1128000	392.7738249637907
1129000	386.81305596592324
1130000	377.33961907954557
1131000	402.55516112655357
1132000	390.27038248122915
1133000	375.18130552444757
1134000	389.4241625745397
1135000	387.5073386479861
1136000	386.0905994938653
1137000	400.3898041239586
1138000	396.4726411076373
1139000	405.65025319904834
1140000	406.2529710636181
1141000	396.90631623222924
1142000	388.01144824756943
1143000	378.2924969055078
1144000	395.2209198663547
1145000	380.8190821441354
1146000	394.5417302860788
1147000	389.31146741455575
1148000	387.10686834731825
1149000	390.2975500644384
1150000	387.45803451548926
1151000	391.9598036742432
1152000	395.90614668734537
1153000	398.65107879844766
1154000	394.4471468482319
1155000	374.6983262673624
1156000	398.5907063913143
1157000	396.3327783644404
1158000	387.81221930402126
1159000	398.4820360584662
1160000	399.9591476197204
1161000	396.8670741675867
1162000	384.3176631376481
1163000	380.2606373781299
1164000	389.0317419281583
1165000	382.50447851000627
1166000	412.9029917096157
1167000	390.8871872408001
1168000	405.82633938652674
1169000	395.8025073884263
1170000	403.8280127103343
1171000	399.20851735766735
1172000	390.4897355604896
1173000	388.08791996327193
1174000	398.4488312345421
1175000	402.18487702945606
1176000	395.9202335823429
1177000	406.3797531186032
1178000	397.9739016317434
1179000	409.4899382928777
1180000	389.2510950074224
1181000	395.1615536660035
1182000	386.9499000887664
1183000	412.3093297061145
1184000	387.7317227611719
1185000	371.10616804278493
1186000	400.2479289671901
1187000	390.27541351515447
1188000	400.43105860216906
1189000	400.53872272822406
1190000	410.2506306227887
1191000	395.65660740451824
1192000	395.38291915883553
1193000	394.26099859289917
1194000	399.53251594262906
1195000	393.9530993165066
1196000	389.0367729620873
1197000	394.09296205970355
1198000	396.9676948461484
1199000	395.8115632494985
1200000	392.073505041013
1201000	391.05421756720625
1202000	389.1293439863626
1203000	390.1154266362452
1204000	384.9676727211431
1205000	383.04279914029576
1206000	394.16339653469487
1207000	384.89220721222273
1208000	375.1209331173105
1209000	389.5952177280928
1210000	392.5917015355938
1211000	395.05590195351647
1212000	394.2529489386128
1213000	373.2986926285965
1214000	404.26168783492625
1215000	390.36295350550074
1216000	392.58968912202585
1217000	404.28181197063856
1218000	402.14764737839243
1219000	388.51253922679166
1220000	378.8388671900837
1221000	382.2881440511032
1222000	373.01594852184525
1223000	384.9646541007857
1224000	391.00290102113775
1225000	393.54961039548135
1226000	388.0456592782793
1227000	384.9354741040012
1228000	367.7454373788975
1229000	386.35523187847576
1230000	388.6785633464157
1231000	377.47746940917085
1232000	390.73424380938775
1233000	400.73292063784686
1234000	393.04248217554067
1235000	388.1674102993355
1236000	397.3822520418138
1237000	377.06291221350915
1238000	390.17278042302485
1239000	407.5308536813241
1240000	387.659275872609
1241000	391.8048478292593
1242000	386.7667704537874
1243000	397.96585197745696
1244000	381.89169857757855
1245000	395.53787500381947
1246000	380.161022906354
1247000	395.19073366278803
1248000	390.8459327625859
1249000	397.24943274611746
1250000	401.5318488256073
1251000	381.20747796337366
1252000	385.5603285178585
1253000	395.39398743347937
1254000	398.07552851709085
1255000	389.9343094148378
1256000	388.70371851605705
1257000	401.36179987884003
1258000	389.36177775383476
1259000	379.8893470742466
1260000	376.4682440032185
1261000	400.1533455293432
1262000	390.60846796118835
1263000	389.7028818541514
1264000	391.1246520421976
1265000	386.7053918398646
1266000	395.0810571231578
1267000	396.46761007370463
1268000	398.2405464299255
1269000	401.1857136913616
1270000	381.21653382444583
1271000	376.63326191605677
1272000	384.0308942037537
1273000	376.61313778034804
1274000	398.74666844308035
1275000	380.2636559984873
1276000	380.9911435044742
1277000	374.4477807777494
1278000	390.4263445329952
1279000	391.84207748032657
1280000	379.95575672209475
1281000	386.50113186238747
1282000	395.9403577180553
1283000	397.88636164139706
1284000	396.98077553436013
1285000	396.3368031915799
1286000	403.54627481036886
1287000	397.3943265232397
1288000	377.35169356097515
1289000	404.59876710809965
1290000	396.5199328265589
1291000	393.5153993647715
1292000	387.5345062311954
1293000	403.0290845225702
1294000	395.29437296170346
1295000	408.91740663187466
1296000	402.14764737839243
1297000	393.423834547282
1298000	403.5814920478646
1299000	403.7988327135534
1300000	394.65945647999547
1301000	403.96586303995963
1302000	389.2953681059866
1303000	408.5119052972778
1304000	403.94070787032194
1305000	390.2925190305094
1306000	418.232869052911
1307000	404.6460588270213
1308000	382.67955849069887
1309000	404.0936513017306
1310000	390.65978450725316
1311000	379.3007161046707
1312000	395.78037083914603
1313000	381.9208785743631
1314000	403.27761759861517
1315000	385.4033602593066
1316000	391.433557525376
1317000	409.84412308140975
1318000	388.47732198929594
1319000	396.48672800263483
1320000	399.220591839097
1321000	402.1667653073153
1322000	384.61449413939687
1323000	392.62691877309317
1324000	382.2720447425304
1325000	409.23939280326476
1326000	389.7360866780755
1327000	389.99770044233225
1328000	387.3996745219238
1329000	389.04180399601626
1330000	400.249941380758
1331000	384.94654237864495
1332000	393.45905178477767
1333000	392.62390015273576
1334000	391.46273752215683
1335000	400.0426627829235
1336000	375.58781306582654
1337000	403.59859756321947
1338000	394.8687474913979
1339000	395.0810571231578
1340000	398.35927883062425
1341000	386.05638846315907
1342000	386.9005959562695
1343000	401.6495750195203
1344000	390.1878735248082
1345000	395.43121708454663
1346000	385.1095478779116
1347000	396.4273618022836
1348000	391.46978096965745
1349000	392.3653050088364
1350000	384.65675482439315
1351000	404.934840174491
1352000	384.1707569469506
1353000	397.9266099128181
1354000	391.39129684038335
1355000	401.9474122280585
1356000	383.7702866462864
1357000	403.6841251399942
1358000	395.8719356566355
1359000	390.73726242974516
1360000	379.6720064085577
1361000	384.9213872090036
1362000	388.96533228031376
1363000	382.8264646813964
1364000	397.92761611960753
1365000	394.21974411468506
1366000	389.6898011659397
1367000	386.04532018851523
1368000	372.1204244826663
1369000	393.1561835423141
1370000	396.5279824808417
1371000	392.95695459876964
1372000	379.61465262177444
1373000	378.6084458361831
1374000	390.1868673180224
1375000	394.6141771746381
1376000	401.90716395663384
1377000	401.46845779811656
1378000	400.2881772386111
1379000	396.2170645840917
1380000	377.64550594237016
1381000	389.15349294921447
1382000	407.73209503844384
1383000	391.900437473892
1384000	400.4662758396648
1385000	395.51372604096395
1386000	399.91990555508517
1387000	385.1508023561221
1388000	410.45489060026586
1389000	390.9676837836457
1390000	404.5726057316762
1391000	381.1149069390984
1392000	384.3226941715771
1393000	402.8711100572362
1394000	400.076873813637
1395000	397.5251334053681
1396000	396.8459438250922
1397000	399.6935090283241
1398000	383.82059698556543
1399000	399.5224538747747
1400000	394.78523232819117
1401000	387.93195791150583
1402000	385.9899788153072
1403000	409.7565830910634
1404000	398.6903208630865
1405000	373.3037236625255
1406000	377.46438872095916
1407000	372.8157133715113
1408000	395.9162087552034
1409000	393.82229243437826
1410000	387.46809658334723
1411000	381.8091896211576
1412000	395.1867088356448
1413000	399.4238456097846
1414000	401.8166053459301
1415000	395.29236054813185
1416000	396.6728762579676
1417000	407.07403580066614
1418000	405.29103737659096
1419000	379.4214609189448
1420000	391.51606648179694
1421000	392.1258277938636
1422000	385.1347030475493
1423000	386.4387470416825
1424000	389.02369227387555
1425000	390.0117873373298
1426000	405.78407870153046
1427000	385.51806783286224
1428000	388.53266336250397
1429000	391.66699749963396
1430000	391.02101274328214
1431000	394.7671206060504
1432000	394.65845027320967
1433000	394.04265172042454
1434000	386.6752056362979
1435000	385.51907403964805
1436000	398.24859608421184
1437000	382.5819564324982
1438000	377.6404749084375
1439000	381.6371282608224
1440000	397.5804747785761
1441000	392.99317804304746
1442000	397.92660991282173
1443000	394.3907992682381
1444000	396.12549976660586
1445000	387.7568779308133
1446000	401.8940832684221
1447000	385.6730236778461
1448000	387.0937876591065
1449000	394.9613185156696
1450000	391.2182292732587
1451000	389.7109315084378
1452000	383.0357556928025
1453000	399.153175984463
1454000	399.30712562265745
1455000	386.32102084776585
1456000	401.5549915816734
1457000	378.2230686372986
1458000	389.3054301738446
1459000	395.88300393127565
1460000	413.17466754172676
1461000	387.047502146967
1462000	398.01616231673967
1463000	392.946892530908
1464000	398.3391546949119
1465000	389.35875913347735
1466000	387.7991386158095
1467000	402.2633611587338
1468000	389.0639405453002
1469000	390.45049349584707
1470000	403.27761759861517
1471000	392.467938100966
1472000	402.51793147548995
1473000	396.8197824486651
1474000	388.94923297174097
1475000	402.7725017922461
1476000	396.3790638765762
1477000	398.32708021348964
1478000	399.0837477162538
1479000	388.9844502092366
1480000	401.0307578463814
1481000	377.2732094316974
1482000	383.92624869805246
1483000	399.6421924822593
1484000	400.28113379111414
1485000	412.2147462682676
1486000	397.9396906010335
1487000	390.88316241365686
1488000	381.08170211517427
1489000	376.1754378286129
1490000	376.803310862824
1491000	381.23464554658295
1492000	391.8068602428309
1493000	406.4753427632359
1494000	372.13853620480705
1495000	394.20465101290534
1496000	373.7887153331822
1497000	376.02953784470486
1498000	370.58394672106454
1499000	384.8247913575851
1500000	387.3936372812127
1501000	391.10553411327106
1502000	383.1776308495673
1503000	406.33849864039274
1504000	396.5098707587009
1505000	387.7105924186738
1506000	389.41108188633166
1507000	403.11259968577696
1508000	402.2865039147999
1509000	410.4901078377579
1510000	407.39602197205255
1511000	390.24220869123405
1512000	400.4220027410969
1513000	393.2014628476641
1514000	386.4628960045344
1515000	401.17162679636414
1516000	400.65242409499746
1517000	386.8211056202096
1518000	397.604623741428
1519000	386.3793808413313
1520000	392.47296913489504
1521000	383.1273205102883
1522000	395.88702875841886
1523000	390.78556035545256
1524000	405.3755587465798
1525000	374.90258624483585
1526000	395.89507841270523
1527000	396.8006645197385
1528000	378.4263224079899
1529000	379.5965408996337
1530000	384.4323707112037
1531000	387.0716511098226
1532000	380.19422773028174
1533000	391.6700161199914
1534000	395.5690674141719
1535000	384.6748665465339
1536000	387.13906696445656
1537000	381.76692893616496
1538000	405.5486263137045
1539000	406.92712960996494
1540000	394.70574199213127
1541000	371.9855927733947
1542000	396.6869631529651
1543000	409.25649831861966
1544000	400.4008723985987
1545000	402.32071494551343
1546000	392.0171574610228
1547000	402.64169491011774
1548000	393.0203456262604
1549000	393.2729035294413
1550000	375.975202678279
1551000	393.98831655399863
1552000	394.7902633621202
1553000	402.2110384058832
1554000	379.85614225031884
1555000	383.9534162812654
1556000	369.7638881908023
1557000	378.2250810508702
1558000	394.3465261696739
1559000	384.6235500004691
1560000	374.1881794270643
1561000	384.7956113608079
1562000	393.7820441629536
1563000	375.1410572530192
1564000	381.42280621549094
1565000	370.7972625596102
1566000	366.8549443736476
1567000	386.88047182056084
1568000	376.2509033375296
1569000	375.41877032584506
1570000	372.8821230193631
1571000	373.5925050099915
1572000	378.4001610315628
1573000	383.3396301420482
1574000	382.90293639709887
1575000	394.45620270930414
1576000	394.6182020017813
1577000	380.1861780759917
1578000	393.29906490587206
1579000	386.4397532484683
1580000	384.30558865622214
1581000	388.7852212656885
1582000	398.64403535095073
1583000	396.4816969687058
1584000	385.7162905696282
1585000	392.0382878035173
1586000	409.5462858728715
1587000	392.9690290801956
1588000	384.3136383105049
1589000	398.8573511894927
1590000	404.87346156056816
1591000	397.82196440711687
1592000	396.51389558584776
1593000	390.8922182747254
1594000	408.37003014050924
1595000	393.16624561016846
1596000	390.2361714505156
1597000	403.94473269746146
1598000	398.72251948022483
1599000	408.7483638918932
1600000	395.75622187629045
1601000	397.0491975957799
1602000	382.07784683291493
1603000	386.9227325055535
1604000	373.8863173913865
1605000	371.6132962627256
1606000	384.3538865819296
1607000	373.77965947211004
1608000	371.6173210898688
1609000	391.83302161925803
1610000	381.9047792657903
1611000	385.057225125061
1612000	383.5760887366636
1613000	384.47664380977153
1614000	393.6371503858277
1615000	386.76173941985843
1616000	383.4201266848976
1617000	384.88616997150797
1618000	385.6941540203443
1619000	383.8688949112692
1620000	408.8338914686679
1621000	395.8125694562843
1622000	398.01515610995386
1623000	404.50317746346695
1624000	388.58196749500087
1625000	405.21054083374526
1626000	386.56653530345346
1627000	382.6996826264112
1628000	406.3797531186032
1629000	397.91654784496376
1630000	394.56185442179117
1631000	382.8496074374661
1632000	391.8581767888957
1633000	392.58667050166844
1634000	400.3757172289574
1635000	395.9896618505521
1636000	409.67608654821044
1637000	399.99436485721975
1638000	395.2541246902788
1639000	400.9744102663839
1640000	387.75084069009847
1641000	383.9966831730438
1642000	381.89371099114646
1643000	393.3443442112221
1644000	384.62556241404064
1645000	383.19071153778276
1646000	393.6884669318925
1647000	402.0671508355431
1648000	394.75504612462447
1649000	387.51438209548303
1650000	391.61366853999755
1651000	402.8036942025986
1652000	382.2207281964656
1653000	405.4037325365749
1654000	396.2864928522972
1655000	400.1412710479136
1656000	389.2450577667076
1657000	391.827990585329
1658000	380.83216283234714
1659000	396.54408178941077
1660000	379.4697588446485
1661000	384.9938340975666
1662000	393.8806524279437
1663000	409.53018656430237
1664000	384.04699351232284
1665000	391.37117270466734
1666000	388.3988378600182
1667000	396.5762804065527
1668000	402.37605631872145
1669000	387.1219614491016
1670000	388.13823030255094
1671000	379.6035843471343
1672000	380.6681511262947
1673000	382.5869874664236
1674000	384.71209619760117
1675000	377.93629970340413
1676000	392.6571049766598
1677000	388.2157082250429
1678000	395.1826840085053
1679000	391.14678859148154
1680000	392.3592677681253
1681000	393.57577177190853
1682000	408.69402872547465
1683000	389.6716894437989
1684000	405.223621521957
1685000	394.8657288710405
1686000	408.3408501437284
1687000	389.243045353136
1688000	379.526106424646
1689000	393.1441090608882
1690000	393.418803513353
1691000	379.50296366857623
1692000	397.93365336032235
1693000	395.33663364669974
1694000	400.43709584288024
1695000	405.92796627187056
1696000	393.16825802374007
1697000	374.0422794431526
1698000	396.20800872302317
1699000	400.428039981808
1700000	387.1672407544516
1701000	398.27978849456434
1702000	404.92377189984717
1703000	392.6903098005839
1704000	399.81425384259813
1705000	407.2320102660038
1706000	394.2509365250412
1707000	394.33545789503006
1708000	399.5677331801247
1709000	391.90848712817836
1710000	393.4389276490653
1711000	387.1964207512325
1712000	381.6814013593903
1713000	385.6237195453493
1714000	391.7666119714062
1715000	393.69551037939306
1716000	408.44750806300124
1717000	395.57912948202994
1718000	389.1585239831434
1719000	396.46660386692247
1720000	401.98464187912214
1721000	395.8145818698559
1722000	398.22746574171373
1723000	384.97874099578326
1724000	400.4199903275253
1725000	390.68493967689454
1726000	394.2287999757572
1727000	380.88146696484034
1728000	390.349872817289
1729000	390.7141196736754
1730000	396.97675070722056
1731000	390.73826863653096
1732000	381.7065565290279
1733000	387.4328793458516
1734000	398.24557746385443
1735000	388.3978316532324
1736000	406.1332324561335
1737000	399.5586773190562
1738000	394.01950896435477
1739000	378.7362340979541
1740000	374.3612469941853
1741000	388.84056263889653
1742000	396.7895962450984
1743000	390.86102586436925
1744000	389.832682529494
1745000	381.71661859688595
1746000	397.39030169610015
1747000	391.48789269179815
1748000	386.2576298202751
1749000	399.16323805231735
1750000	400.4250213614543
1751000	386.23046223706217
1752000	396.2573128555164
1753000	384.3528803751438
1754000	380.49407735238424
1755000	386.3914553227609
1756000	395.6998742963003
1757000	377.28125908598014
1758000	394.5497799403652
1759000	399.8273345308099
1760000	393.1632269898147
1761000	386.40755463133
1762000	385.6237195453493
1763000	392.7084215227246
1764000	379.09544992041145
1765000	390.01681837125875
1766000	383.5670328755951
1767000	400.0849234679198
1768000	402.9506003932961
1769000	406.3656662236057
1770000	395.3466957145541
1771000	404.2113774956472
1772000	397.30276170575024
1773000	389.73306805772177
1774000	381.34834691335635
1775000	390.6235610629717
1776000	397.37118376717365
1777000	385.53416714143503
1778000	393.845435190448
1779000	393.3473628315795
1780000	383.43018875275556
1781000	385.4335464628733
1782000	390.7483307043853
1783000	396.62357212547437
1784000	396.0339349491164
1785000	387.11793662196203
1786000	393.9541055232924
1787000	396.15467976338675
1788000	380.47395321667557
1789000	381.6401468811798
1790000	388.008429627212
1791000	396.1949280348114
1792000	394.1996199789764
1793000	396.03091632875896
1794000	390.4535121162045
1795000	403.12869899434605
1796000	389.9624832048329
1797000	374.7999531527062
1798000	389.86890597377544
1799000	382.03357373434704
1800000	388.89489780531875
1801000	403.0190224547158
1802000	373.53515122321187
1803000	385.75754504783504
1804000	391.27357064646674
1805000	388.5457440507157
1806000	401.37085573991226
1807000	393.77399450866716
1808000	386.7335656298597
1809000	398.1288574767236
1810000	392.3421622527666
1811000	386.1399036263585
1812000	386.2656794745615
1813000	401.4775136591851
1814000	389.68074530486746
1815000	391.66900991320557
1816000	393.45703937120606
1817000	394.21471308075974
1818000	384.9012630732913
1819000	403.35107069396395
1820000	383.7360756155765
1821000	392.956954598766
1822000	378.7201347893813
1823000	392.3653050088364
1824000	386.2586360270609
1825000	380.9539138534033
1826000	390.54306452012236
1827000	390.64167278511246
1828000	383.08606603208153
1829000	390.2633390337285
1830000	388.715792997483
1831000	381.79208410580264
1832000	371.784351416275
1833000	386.1882015520696
1834000	393.0736745858968
1835000	382.91299846495684
1836000	386.81607458628065
1837000	404.85132501128425
1838000	380.83719386627615
1839000	399.57880145476855
1840000	383.09109706600685
1841000	388.82144470997
1842000	393.8544910515165
1843000	394.4712958110875
1844000	400.65946754249444
1845000	401.8689280987807
1846000	410.6380202352412
1847000	389.34567844526566
1848000	407.8759826087803
1849000	408.44750806300124
1850000	396.17681631267067
1851000	388.5366881896472
1852000	396.8509748590175
1853000	404.03730372174044
1854000	391.71127059820185
1855000	384.00473282732656
1856000	395.58315430916946
1857000	377.08907358993264
1858000	379.8994091421009
1859000	391.6418423299963
1860000	384.7875617065215
1861000	374.43872491667724
1862000	380.9036035141243
1863000	397.44866168966195
1864000	388.0567275529194
1865000	382.30524956645445
1866000	392.8472780591394
1867000	379.0572140625547
1868000	387.5103572683399
1869000	395.3507205416973
1870000	379.0682823371985
1871000	388.13923650933674
1872000	387.85347378223173
1873000	400.1070600172074
1874000	396.673882464757
1875000	381.85547513329703
1876000	385.8450850381777
1877000	389.91720389948654
1878000	392.86538978128016
1879000	390.37200936657297
1880000	397.94472163495885
1881000	393.4811883340616
1882000	385.531148521074
1883000	390.2240969690933
1884000	383.9986955866154
1885000	390.1697618026711
1886000	391.712276804984
1887000	384.4062093347802
1888000	376.29215781574374
1889000	386.88751526805777
1890000	414.42940740336314
1891000	386.6540752937998
1892000	389.80149011913784
1893000	365.42009349738964
1894000	385.32085130288567
1895000	395.943376338409
1896000	388.7781778181916
1897000	370.5094874189263
1898000	385.6991850542696
1899000	385.7515078071202
1900000	375.20243586694204
1901000	394.9613185156732
1902000	373.623697420344
1903000	380.2344760017028
1904000	376.4451012471524
1905000	379.9185270710274
1906000	364.9874245795835
1907000	389.85180045842054
1908000	382.2187157828976
1909000	380.76072215056996
1910000	379.58346021142194
1911000	391.51506027500744
1912000	392.2908457067018
1913000	386.9448690548374
1914000	392.27675881170427
1915000	390.0912776733897
1916000	391.24237823611423
1917000	407.1072406245902
1918000	383.9896397255432
1919000	393.8635469125851
1920000	382.6111364292791
1921000	393.60394556190727
1922000	400.85064683175983
1923000	393.40572282514125
1924000	389.29134327884344
1925000	401.5912150259585
1926000	385.77766918354735
1927000	394.55078614714733
1928000	422.09670310959586
1929000	394.18251446362143
1930000	396.1436114887466
1931000	395.02470954316397
1932000	382.05973511077417
1933000	383.6173432148741
1934000	380.92875868376194
1935000	397.2645258479008
1936000	415.7072900210692
1937000	377.34968114740354
1938000	389.3939763709767
1939000	384.12547764159694
1940000	386.392461529543
1941000	387.3926310744269
1942000	388.0436468647077
1943000	383.92926731840987
1944000	399.52647870191794
1945000	403.62174031928555
1946000	393.92190690615047
1947000	392.59472015595486
1948000	394.5427364928646
1949000	386.1388974195763
1950000	387.4358979662053
1951000	406.3535917421761
1952000	390.71009484653587
1953000	387.89372205365277
1954000	389.3678149945496
1955000	385.4043664660924
1956000	384.98175961614066
1957000	401.71095363344307
1958000	388.99149365673725
1959000	391.7796926596216
1960000	393.49829384941654
1961000	386.68325529058063
1962000	389.6898011659397
1963000	388.75201644176445
1964000	393.7468269254579
1965000	397.60864856857484
1966000	389.3728460284749
1967000	391.9789216031661
1968000	380.8693924834144
1969000	409.03714523935923
1970000	390.92542309864945
1971000	396.34787146622006
1972000	394.7671206060541
1973000	387.2547807447979
1974000	382.84860123067665
1975000	400.5568344503648
1976000	399.77501177795926
1977000	393.2427173258746
1978000	391.0179941229248
1979000	390.015812164473
1980000	382.49944747607725
1981000	390.82480242009143
1982000	386.6339511580874
1983000	399.3071256226538
1984000	386.02620225958873
1985000	383.7602245784284
1986000	380.88549179198355
1987000	391.02503757042535
1988000	407.57713919345997
1989000	380.166053940283
1990000	391.6810843946315
1991000	386.17411465707204
1992000	402.5601921604862
1993000	383.97454662375986
1994000	394.52563097750965
1995000	397.81693337318785
1996000	384.51286725405305
1997000	389.78136598342917
1998000	386.87644699341763
1999000	384.9153499682925
2000000	396.23115147908925
