0	422.43579479634093
1000	428.90570442771696
2000	438.2121109876848
3000	449.9897614130759
4000	429.27800093838977
5000	434.8020761913042
6000	436.30534912898554
7000	444.09842068341766
8000	444.3861958240979
9000	429.10292095769717
10000	444.01893034735775
11000	452.4227694206424
12000	435.88777331296274
13000	447.59800788371615
14000	439.9910845846204
15000	449.58023525133945
16000	426.83090603582207
17000	427.4316114868202
18000	423.5013677822871
19000	438.8419964354675
20000	428.4589486149133
21000	438.80275437083225
22000	436.748080114646
23000	441.9421195418839
24000	453.4984044744429
25000	456.781657215842
26000	443.4544483406338
27000	446.10882184103605
28000	440.6531686495377
29000	431.04490005389215
30000	441.16230928305
31000	427.58455491823247
32000	443.04089735175785
33000	439.5805522160982
34000	446.409677669928
35000	433.7978818192808
36000	432.8822336443895
37000	436.08297742936765
38000	450.51600756194307
39000	454.9835656899835
40000	438.4063088973076
41000	440.47305763491977
42000	423.65531742048523
43000	425.34976964742464
44000	435.0677147827041
45000	448.31342090827354
46000	430.2338973847057
47000	441.9612374708141
48000	450.7997578754801
49000	431.80357997023157
50000	443.07108355532455
51000	441.47523959337155
52000	449.8599607377333
53000	441.73886577119623
54000	441.91696437224624
55000	437.63354208596695
56000	448.09306162223095
57000	436.13026914828924
58000	424.44116492003394
59000	435.914940896172
60000	426.33585229731096
61000	438.69408403798417
62000	441.2538741005395
63000	446.08467287818416
64000	442.7189111803641
65000	445.86028876499466
66000	430.55185872894896
67000	457.2948226764975
68000	438.3700854530261
69000	438.6367302512082
70000	446.236610102807
71000	429.87669397581993
72000	431.2390979635149
73000	431.06401798282235
74000	435.32530371981403
75000	422.27178309029216
76000	430.7309635367884
77000	438.97380952438164
78000	433.28874118577215
79000	428.7990465084441
80000	444.65787165620895
81000	435.7338236747646
82000	440.3684121292149
83000	455.50981183885074
84000	434.0705638581777
85000	426.70211156726526
86000	424.4492145743167
87000	435.3333533741004
88000	431.84684686201365
89000	441.67245612334807
90000	440.7769320841691
91000	443.65870831811094
92000	429.0968837169787
93000	442.5891105050252
94000	444.9486654172429
95000	433.36320048790304
96000	432.8299108915389
97000	435.6503085115615
98000	445.93273565355764
99000	435.4862968055091
100000	440.9047203459401
101000	450.29262965553943
102000	444.49989719086767
103000	436.11416983972015
104000	444.9104295593935
105000	446.7799617670255
106000	436.7500925282176
107000	426.13561714697335
108000	444.1155261987726
109000	443.5198517816998
110000	443.31257318386525
111000	442.4150367311184
112000	437.6838524252496
113000	441.3434265044574
114000	437.0338428417546
115000	444.9406157629602
116000	435.5617623144294
117000	434.3271465885054
118000	431.94746754057167
119000	424.05780013472105
120000	426.8570674122492
121000	429.5758381469243
122000	422.12387069280885
123000	427.31992253361835
124000	437.8106344802348
125000	448.766213961792
126000	440.8866086237957
127000	432.0601627005593
128000	457.49606403361355
129000	440.3613686817179
130000	444.0128931066393
131000	440.6813424395364
132000	440.5555665913371
133000	445.15191918793425
134000	435.3766202658825
135000	435.6513147183473
136000	436.2147905182818
137000	446.7749307331002
138000	426.348932985519
139000	435.8354505601121
140000	449.06606358389814
141000	430.5428028678804
142000	423.4752064058637
143000	443.4001131742152
144000	458.7336983798986
145000	428.1399810638806
146000	436.47741048932073
147000	448.0216209404538
148000	437.636560706328
149000	437.1203766253151
150000	427.8099452382078
151000	432.87217157653515
152000	452.2658011620942
153000	441.7106919812012
154000	446.2376163095928
155000	439.41955913039953
156000	458.0223101824808
157000	454.129296129015
158000	439.03015710437546
159000	427.26558736719977
160000	438.399265449807
161000	438.1829309909039
162000	433.09353706936724
163000	439.5242046361044
164000	450.66190754585114
165000	428.58170584275894
166000	438.8591019508224
167000	432.4757261030105
168000	426.01587853948877
169000	430.45123805039094
170000	423.4762126126495
171000	429.5748319401385
172000	439.0573246875884
173000	411.49530841656707
174000	422.4428382438452
175000	450.66492616620855
176000	446.4851431788484
177000	425.8830592437925
178000	432.8248798576099
179000	439.355161896123
180000	442.35365811719555
181000	446.61997488811994
182000	434.5968100070449
183000	436.0668781207985
184000	434.3633700327869
185000	444.8923178372528
186000	429.89078087081384
187000	430.5780201053761
188000	438.2734896016076
189000	436.01556157473004
190000	427.14383634613995
191000	439.8663149432032
192000	423.5375912265686
193000	451.94280878391464
194000	433.2947784264833
195000	433.22434395149196
196000	430.5337470068119
197000	441.2186568630438
198000	442.0839946986561
199000	440.77190105024016
200000	447.8777333701137
201000	437.3035062602941
202000	446.587776270978
203000	434.05144592925114
204000	442.88091047284496
205000	444.9879074818855
206000	444.8178585351182
207000	435.0506092673455
208000	427.6982562850059
209000	443.3286724924344
210000	432.66187435834325
211000	438.56227094907365
212000	449.02480910569136
213000	440.35835006136057
214000	436.4874725571787
215000	440.5012314249185
216000	433.5020570243178
217000	454.4231085104064
218000	431.6435930913223
219000	422.53440306133103
220000	419.13543653959056
221000	433.3813122100438
222000	435.1451927051924
223000	431.32865036742913
224000	426.17989024554123
225000	432.40730404159075
226000	437.9011930909385
227000	432.26039785089324
228000	443.60336694490655
229000	444.43147512945154
230000	439.85826528892045
231000	428.8684747766497
232000	434.1882900520943
233000	427.04724049472514
234000	421.184073555062
235000	430.13227049935824
236000	429.7700360565471
237000	430.13830774006937
238000	429.34944162016694
239000	436.09706432436883
240000	423.97327876473213
241000	426.89127844295905
242000	431.56913378918773
243000	436.1101450125806
244000	443.1968594035239
245000	436.5860808221652
246000	438.82690333368413
247000	440.8755403491556
248000	440.6632307173957
249000	435.1059506405572
250000	424.9482931399747
251000	440.13295974138896
252000	436.72694977214786
253000	429.78311674475884
254000	425.08413105602835
255000	422.9871961148495
256000	438.4475633755144
257000	447.4400334183785
258000	457.94483225998886
259000	431.42826483920504
260000	426.2915791987431
261000	434.28086107636597
262000	427.666057667864
263000	413.32358614599224
264000	445.8472080767829
265000	439.32497569255264
266000	438.4012778633786
267000	427.0794391118634
268000	434.75579067916834
269000	431.0056579892569
270000	437.8418268905873
271000	440.08365560889206
272000	434.2204886692289
273000	432.95266811938086
274000	426.47873366086526
275000	438.7162205872681
276000	440.5666348659772
277000	450.8229006315498
278000	422.2798327445749
279000	445.3873715757639
280000	439.3491246554118
281000	429.63822296763294
282000	443.72914279310226
283000	443.31056077029734
284000	441.8042692122623
285000	437.5369462345521
286000	448.4965505432525
287000	443.95553931986336
288000	444.4324813362337
289000	428.376439658496
290000	428.0625031413886
291000	436.95133388533367
292000	431.54599103312165
293000	449.1364980588932
294000	438.1094778955552
295000	436.55488841181267
296000	432.6497998769173
297000	430.4421821893224
298000	441.5094506240814
299000	446.1551073531755
300000	446.96510381557977
301000	443.77341589167014
302000	432.22819923375494
303000	436.3858456718312
304000	431.4896434531242
305000	428.29191828850344
306000	427.47990941253124
307000	427.2575377129134
308000	427.8381190282028
309000	413.9011488409243
310000	420.93755289259224
311000	432.4757261030068
312000	427.5775114707319
313000	419.8468247370084
314000	435.036522372348
315000	426.80273224582334
316000	440.44589005170684
317000	431.79653652273464
318000	435.6301843758492
319000	437.3940648709978
320000	430.49953597609834
321000	422.7728740695144
322000	451.31091092256037
323000	431.0569745353181
324000	426.9999487758035
325000	440.9711299937883
326000	432.2040502708958
327000	433.7626645817851
328000	437.38098418278605
329000	447.23174861376185
330000	422.2285161985101
331000	433.6680811439382
332000	425.62345789310734
333000	428.19431623030283
334000	434.53341897955414
335000	436.1725298332855
336000	439.35013086219396
337000	432.0792806294858
338000	425.30650275564625
339000	436.03568571044235
340000	442.6625636003739
341000	424.845660047845
342000	428.3734210381386
343000	437.9142737791502
344000	416.24057961743335
345000	428.41366930956326
346000	436.2912622339843
347000	425.60031513703757
348000	453.1462320994898
349000	430.8788759342717
350000	441.7338347372709
351000	430.3858346093286
352000	439.6137570400223
353000	435.53861955836334
354000	446.6119252338335
355000	442.2922795032764
356000	435.0375285791338
357000	443.8871172584436
358000	429.8475139790354
359000	439.81298598357046
360000	425.9786488884252
361000	439.43968326611184
362000	419.2098958417288
363000	427.4950025143146
364000	439.67111082679827
365000	433.7234225171462
366000	421.41751352932
367000	408.0228887994778
368000	432.1084606262667
369000	431.9333806455741
370000	438.2634275337496
371000	437.9333917080768
372000	452.0212929131924
373000	438.6005068069231
374000	428.95299614664225
375000	430.92415523962177
376000	422.647098221315
377000	438.52604750479213
378000	434.0685514446061
379000	441.5929657872845
380000	448.2228622975735
381000	443.26226284458625
382000	443.4443862727831
383000	431.7422013563087
384000	431.60938206061246
385000	435.74086712226523
386000	434.13093626531105
387000	427.5674494028739
388000	409.1971321182685
389000	414.057110892694
390000	426.3720757415888
391000	434.69441206524556
392000	427.95182039497627
393000	431.94947995414327
394000	425.77036408380485
395000	429.36453472195024
396000	442.74708497036283
397000	431.40210346278155
398000	425.3668751627796
399000	422.45893755241065
400000	428.5022155066954
401000	449.3960994095747
402000	426.6236274379875
403000	427.6700824950072
404000	422.0574610449607
405000	428.8453320205836
406000	435.5838988637134
407000	429.81229674153974
408000	436.0024808865183
409000	435.9733008897374
410000	436.94730905819415
411000	434.8050948116616
412000	442.9322270189134
413000	432.8792150240358
414000	429.62413607263176
415000	444.65787165620895
416000	427.36419563218624
417000	426.56023641049677
418000	438.4666813044446
419000	425.9384006170005
420000	415.41247143288837
421000	446.1168714953188
422000	431.60837585382666
423000	442.8396559946381
424000	430.98251523318714
425000	434.99929272128435
426000	438.51397302336625
427000	427.1559108275695
428000	437.4232448677787
429000	432.30668336302904
430000	438.7906798894063
431000	425.30750896242836
432000	431.52989172455256
433000	413.8810247052156
434000	447.1432024166261
435000	435.3675644048103
436000	433.3340204911222
437000	432.32378887838763
438000	431.1183531492409
439000	431.0298069521088
440000	435.34542785552634
441000	442.7440663500054
442000	433.2907535993401
443000	419.381957202064
444000	434.0786135124641
445000	431.54800344669326
446000	434.2375941845875
447000	443.92032208236765
448000	437.4202262474213
449000	420.45759225586085
450000	434.78497067594924
451000	431.1797317631637
452000	420.55821293442256
453000	423.22164229588964
454000	435.94311468617076
455000	435.07777685055845
456000	434.9268458327214
457000	428.1369624435232
458000	409.8320485999801
459000	430.9030248971273
460000	420.66788947405274
461000	422.50622927133594
462000	428.14903692494914
463000	415.3380121307575
464000	431.2401041703007
465000	426.5149571051431
466000	428.742698928454
467000	426.3449081583795
468000	438.79067988940267
469000	436.20170983007006
470000	437.4765738274151
471000	422.4820803084804
472000	425.836773731653
473000	423.8263725740346
474000	426.8570674122492
475000	421.9025051999804
476000	444.3590282408849
477000	432.63269436156236
478000	436.85272562034726
479000	432.0490944259192
480000	424.85672832248514
481000	424.9774731367555
482000	435.6493023047757
483000	446.16416321424407
484000	429.8294022568947
485000	437.1576062763824
486000	425.13142277495
487000	436.30736154255345
488000	431.75125721738095
489000	435.1079630541288
490000	440.26879765744263
491000	435.29712992981894
492000	432.9295253633148
493000	432.735327453692
494000	431.81867307201856
495000	425.79250063308876
496000	427.0251039454412
497000	428.41366930956326
498000	422.96807818592293
499000	446.2356038960212
500000	430.6504669939427
501000	419.2863675574313
502000	429.0224244148478
503000	411.9511200904466
504000	428.6239665277516
505000	436.28321257970157
506000	448.008540252242
507000	445.3843529554065
508000	430.92314903283597
509000	441.18847065947716
510000	426.0188971598462
511000	437.8035910327342
512000	451.86029982749733
513000	437.1233952456725
514000	444.8973488711781
515000	434.4951831217011
516000	446.8856134795162
517000	427.41853079860846
518000	444.69007027334726
519000	440.655181063113
520000	437.78145448345026
521000	437.5721634720478
522000	436.72795597893366
523000	431.0499310878211
524000	446.6340617831138
525000	433.2032136089975
526000	435.17034787483374
527000	429.90587397260083
528000	425.3729124034944
529000	428.3291479395744
530000	435.54767541943187
531000	439.8683273567748
532000	434.81213825916217
533000	434.923827212364
534000	439.61576945359025
535000	445.8119908392836
536000	434.4488976095616
537000	438.9446295275971
538000	435.8253884922541
539000	438.90035642903285
540000	428.5947865309707
541000	438.8601081576119
542000	432.02293304949205
543000	426.72726673690664
544000	430.9774841992618
545000	430.21477945577556
546000	429.4752174683663
547000	449.45848423028326
548000	433.2535239482728
549000	432.92550053617157
550000	425.55201721133017
551000	418.57296694644185
552000	430.5609145900212
553000	425.6626999577462
554000	423.59393880656245
555000	422.46698720669707
556000	426.00883509199184
557000	430.6393987192989
558000	438.226197882686
559000	436.73902425357744
560000	429.93002293545635
561000	435.93305261831273
562000	427.53625699252507
563000	425.836773731653
564000	421.55838247930274
565000	422.16814379137304
566000	423.65833604084264
567000	439.8753708042754
568000	439.67815427429883
569000	431.31053864529207
570000	443.20994009173563
571000	440.20138180280867
572000	432.8882708851043
573000	434.3563265852863
574000	434.88659756129675
575000	436.20674086399544
576000	433.4980321971746
577000	441.08583756734384
578000	444.9013736983213
579000	441.87570989403577
580000	435.86764917725037
581000	436.68267667358
582000	442.808463584282
583000	446.6602231595409
584000	443.3276662856523
585000	413.1424689245885
586000	435.8988415876065
587000	429.62413607263176
588000	438.21714202161377
589000	433.4245791018259
590000	441.00534102449814
591000	443.4323117913535
592000	433.75763354785613
593000	435.5889298976387
594000	437.75328069345517
595000	417.3504257019474
596000	431.1455207324538
597000	442.9332332256992
598000	424.607189039658
599000	429.74387468012
600000	422.0806038010304
601000	439.8371349464223
602000	425.13242898173945
603000	437.60939312311507
604000	433.04926397079936
605000	429.8032408804712
606000	430.266096001844
607000	439.6690984132303
608000	414.42538257622357
609000	424.94527451961727
610000	429.91191121331565
611000	421.2021852772027
612000	430.09906567543413
613000	426.2221509305375
614000	415.9024941374741
615000	419.4624537449096
616000	418.83357450391276
617000	425.9001647591474
618000	421.6026555778706
619000	419.35378341206524
620000	411.5204635862084
621000	435.919971930101
622000	423.90787532366613
623000	424.20370011863275
624000	416.04235688067104
625000	418.54278074287885
626000	420.2462888308868
627000	422.9227988805693
628000	417.5164498215715
629000	426.024934400561
630000	427.06535221686585
631000	440.9248444816524
632000	426.0480771566307
633000	437.159618689954
634000	414.45255015943286
635000	416.38446718777715
636000	438.8198598861872
637000	428.504227920267
638000	415.5684334846544
639000	421.67912729357306
640000	407.14447027565745
641000	418.04772700436405
642000	425.32260206421535
643000	427.5211638907381
644000	438.06117996984773
645000	434.9258396259356
646000	422.0795975942446
647000	439.4779191239649
648000	426.59746606156403
649000	438.4203957923051
650000	431.199855898876
651000	432.11751648733525
652000	437.45644969170274
653000	442.6847001496579
654000	446.57670799633786
655000	435.0174044434251
656000	451.9971439503368
657000	448.8074684400025
658000	442.8809104728486
659000	435.7026312644121
660000	446.5102983484897
661000	442.7823022078585
662000	450.0964193323487
663000	436.72996839250527
664000	429.42088230194406
665000	441.49838234943763
666000	443.24113250208813
667000	443.62650970097263
668000	433.97899904068817
669000	440.2194935249458
670000	441.6070526822821
671000	427.24646943827327
672000	448.84872291821296
673000	435.8032519429702
674000	440.02730802890187
675000	435.01237340949245
676000	442.08701331901347
677000	446.7880114213119
678000	429.5687946994274
679000	421.1317508022114
680000	427.3179101200504
681000	424.52166146287965
682000	435.80023332261277
683000	429.9682587933058
684000	438.26845856767864
685000	431.20589313959084
686000	444.56932545907324
687000	422.73564441845076
688000	416.10876652852284
689000	432.145690277334
690000	417.3614939765876
691000	429.8042470872533
692000	439.02311365687854
693000	428.2345645017238
694000	437.9525096370033
695000	432.89833295295864
696000	429.6040119369231
697000	437.2501773006577
698000	424.4129911300389
699000	430.4904801150298
700000	435.2880740687504
701000	441.9360823011728
702000	416.83222920736296
703000	449.2019014999519
704000	440.99326654306856
705000	436.5810497882398
706000	439.0623557215137
707000	432.5501854051414
708000	419.21693928922207
709000	438.4073151040934
710000	435.6553395454905
711000	433.95585628461845
712000	448.87387808785064
713000	439.9297059706976
714000	428.12086313495774
715000	427.9155969506911
716000	419.87399232021767
717000	427.12371221042764
718000	432.1748702741149
719000	423.723739481905
720000	425.0931869171006
721000	423.3313188355235
722000	430.71788284857666
723000	428.7044630706009
724000	425.5661041063277
725000	432.53408609657225
726000	435.88676710617693
727000	432.1477026909056
728000	429.8777001826021
729000	434.9650816905745
730000	420.19295987125037
731000	442.75110979750605
732000	427.94377074068984
733000	436.30635533577134
734000	432.5421357508587
735000	432.35799990909385
736000	438.05514272913297
737000	437.8609448195138
738000	446.2345976892354
739000	437.4977041699169
740000	425.0348269235315
741000	435.56981196871584
742000	418.4824083357418
743000	445.353160545054
744000	425.39907377992154
745000	416.6863292234549
746000	436.5287270353892
747000	416.33415684849444
748000	420.7735411865398
749000	436.3154111968399
750000	432.19197578946984
751000	421.2052038975601
752000	425.23405586708327
753000	422.38347204349395
754000	425.65062547631663
755000	435.88676710617693
756000	426.4002495315875
757000	436.3093739561287
758000	446.8846072727304
759000	431.97966615770997
760000	427.3118728793356
761000	432.278509573034
762000	414.7111453033322
763000	421.63485419500887
764000	422.0534362178175
765000	424.2640725257698
766000	431.89615099450685
767000	430.81850352713474
768000	427.26357495362817
769000	434.60687207489923
770000	424.57398421573396
771000	430.74102560464274
772000	429.77305467690087
773000	438.92752401224215
774000	420.3992322622954
775000	423.8978132558118
776000	421.60466799144217
777000	431.6375558506112
778000	433.2001949886401
779000	425.23506207386544
780000	415.33499351040007
781000	432.840979166179
782000	424.32846976004635
783000	423.2870457369557
784000	416.68431680987965
785000	431.3709110524254
786000	447.07075552806316
787000	429.90989879974404
788000	444.09439585627445
789000	445.4618308778984
790000	433.65902528286966
791000	440.76485760273954
792000	436.59916151037686
793000	430.2399346254205
794000	439.39138534040444
795000	418.76414623570724
796000	428.9892195909237
797000	427.32595977433317
798000	422.51226651204706
799000	436.3717587768337
800000	435.3414030283831
801000	433.34710117933395
802000	432.9154384683136
803000	439.9357432114124
804000	439.2374357022063
805000	427.74051696999857
806000	424.3888421671833
807000	428.4780665438435
808000	422.0312996685335
809000	441.98337402009804
810000	426.63268329905975
811000	432.60049574442405
812000	424.75812005749873
813000	443.1133442403208
814000	441.56479199728943
815000	445.3652350264799
816000	444.841001291188
817000	430.6072001021607
818000	414.1406260559008
819000	424.41802216396786
820000	420.6326722365571
821000	429.6030057301373
822000	429.555714011212
823000	425.55000479775856
824000	434.14904798745545
825000	430.33250564969217
826000	420.4223750183688
827000	422.3794472163508
828000	439.65903634537233
829000	427.2213142686319
830000	444.36808410195715
831000	422.17820585923107
832000	427.5231763043097
833000	426.50288262371714
834000	424.94426831283147
835000	426.2754798901739
836000	428.56460032740034
837000	421.77471693820576
838000	431.2944393367193
839000	426.4485474572949
840000	417.61606429334375
841000	405.13708773839284
842000	429.7297877851224
843000	423.0163761116304
844000	424.8325793596296
845000	418.8406179514134
846000	425.2833599995765
847000	431.23406692958224
848000	425.67175581881474
849000	442.08701331901347
850000	426.06820129233944
851000	429.78613536511625
852000	443.50677109348806
853000	425.96254957985235
854000	431.13344625102786
855000	444.36506548159974
856000	435.874692624751
857000	413.91825435627925
858000	426.7564467336875
859000	427.8874231606961
860000	439.8431721871371
861000	452.4982349295627
862000	415.69320312607164
863000	422.5957816752502
864000	406.6202365403618
865000	406.7943103142723
866000	431.65566757274826
867000	434.8715044595097
868000	440.05749423246857
869000	439.45779498825624
870000	440.6531686495414
871000	435.8515498686812
872000	419.34372134421085
873000	440.92786310200984
874000	441.23777479197037
875000	422.551508576686
876000	426.52703158657266
877000	417.25886088445793
878000	418.73798485928006
879000	434.65818862096404
880000	435.573836795859
881000	433.2132756768518
882000	424.679635928221
883000	439.1881315697131
884000	432.77557572511665
885000	446.8363093470193
886000	443.89919173986954
887000	436.8547380339188
888000	443.9847193166479
889000	432.0128709816377
890000	434.6058658681171
891000	435.5999981722825
892000	442.05984573580054
893000	432.68099228727345
894000	441.05866998413455
895000	427.36218321861463
896000	423.61104432191735
897000	427.0391908404387
898000	426.73129156404616
899000	428.77690995916385
900000	442.84468702856344
901000	425.0096717538938
902000	420.66788947405274
903000	451.3410971261307
904000	431.1777193495921
905000	426.6377143329887
906000	420.960695648662
907000	432.8439977865401
908000	431.11130970174395
909000	425.4151730884907
910000	434.1098059228166
911000	432.9144322615278
912000	424.8235234985611
913000	418.34657041968444
914000	422.49415478990636
915000	429.02644924199103
916000	446.66927902061315
917000	421.29173768112065
918000	427.671088701793
919000	438.47875578587053
920000	436.4703670418201
921000	427.5855611250183
922000	449.1606470217451
923000	445.54333362753357
924000	436.42810635682383
925000	431.01974488425446
926000	432.63571298191977
927000	431.20488693280504
928000	441.2629299616117
929000	461.48969876564104
930000	443.97566345557203
931000	445.07041643830274
932000	423.02140714555935
933000	440.1983631824513
934000	431.9615544355692
935000	434.29192935100974
936000	424.0497504804383
937000	428.07357141603245
938000	441.1763961780475
939000	440.6078893441877
940000	424.6554869653654
941000	435.49233404622385
942000	437.33469867064656
943000	427.80491420427876
944000	458.8514245738116
945000	440.12792870745994
946000	422.82922164951185
947000	442.79337048249863
948000	416.586714751679
949000	430.01454430544527
950000	419.10726274959546
951000	448.2027381618575
952000	434.7225858552443
953000	423.407790551226
954000	424.4150035436068
955000	435.9511643404535
956000	448.46435192611426
957000	432.7071536636969
958000	421.5674383403749
959000	430.2147794557792
960000	446.0796418442515
961000	436.6142546121602
962000	434.9147713512918
963000	435.4540981883708
964000	433.47488944110853
965000	432.11852269412475
966000	415.9024941374741
967000	414.6849839269051
968000	431.05798074210384
969000	426.25334334089365
970000	426.01185371234925
971000	432.6588557379895
972000	431.861939963797
973000	439.6429370368032
974000	427.8833983335565
975000	412.0869580065003
976000	443.0258042499745
977000	434.8654672187986
978000	437.50474761741015
979000	436.20674086399544
980000	428.6410720431065
981000	430.55286493573846
982000	448.90305808463154
983000	421.1991666568453
984000	432.9436122583123
985000	444.0642096527041
986000	431.57114620275934
987000	434.6732817227511
988000	426.40528056551284
989000	414.7534059883248
990000	422.92581750092666
991000	423.8283849876062
992000	423.9440987679513
993000	436.48847876396087
994000	430.13327670614404
995000	421.9880327767551
996000	439.2394481157779
997000	428.99928165877805
998000	430.5297221796687
999000	433.62984528608513
1000000	440.8030934605926
1001000	433.38030600326164
1002000	430.74303801821435
1003000	434.24061280494493
1004000	422.77891131023284
1005000	429.64124158799035
1006000	422.5183037527619
1007000	436.0960581175794
1008000	431.9655792627124
1009000	435.73784850191146
1010000	424.91106348890736
1011000	432.0571440802019
1012000	427.9005038489078
1013000	440.6712803716821
1014000	423.34238711016366
1015000	428.00011832068367
1016000	422.65112304846184
1017000	427.80088937713555
1018000	416.21139962065246
1019000	418.9412386299714
1020000	427.16697910220967
1021000	428.8392947798725
1022000	428.2838686342207
1023000	411.6200780579843
1024000	429.9441098304539
1025000	446.0917163256811
1026000	426.0229219869894
1027000	433.4758956478907
1028000	442.44824155504244
1029000	436.4431994586108
1030000	431.2652593399384
1031000	431.15457659352234
1032000	458.27386187887953
1033000	444.0249675880689
1034000	422.5172975459761
1035000	431.46046345634335
1036000	439.2575598379187
1037000	433.1267418932913
1038000	441.1733775576938
1039000	460.8728940060701
1040000	443.3196166313659
1041000	439.56344670074327
1042000	441.51850648515364
1043000	435.51950162943314
1044000	434.5032327759838
1045000	430.40193391789774
1046000	433.202207402208
1047000	421.1870921754194
1048000	437.7432186255972
1049000	425.0901682967395
1050000	440.17723283995315
1051000	446.5837514438384
1052000	443.5248828156252
1053000	450.3640703373166
1054000	443.528907642772
1055000	437.6637282895373
1056000	430.617262170015
1057000	448.3415946982723
1058000	446.2275542417348
1059000	431.2390979635149
1060000	444.04509172378124
1061000	438.2191544351854
1062000	445.25354607328177
1063000	422.5193099595477
1064000	436.6685897785861
1065000	422.5203161663335
1066000	422.4035961792063
1067000	441.9330636808154
1068000	433.51211909217216
1069000	436.52671462181394
1070000	421.60768661179594
1071000	432.25737923053583
1072000	433.5302308143129
1073000	429.46314298694034
1074000	429.39472092551694
1075000	414.32979293158724
1076000	429.4037767865891
1077000	438.64176128513355
1078000	436.0286422629454
1079000	443.04592838568317
1080000	461.2321098285275
1081000	441.6885554319172
1082000	434.70548033988933
1083000	430.45626908431996
1084000	413.2581827049299
1085000	434.6058658681134
1086000	435.72275540012447
1087000	451.2978302343486
1088000	428.188278989588
1089000	431.7482385970272
1090000	438.281539255894
1091000	427.74051696999857
1092000	434.5947975934733
1093000	445.64496051287375
1094000	441.9894112608092
1095000	431.05697453532173
1096000	439.0532998604452
1097000	446.4016280156416
1098000	440.04843837140004
1099000	435.4349802594443
1100000	428.04741003960896
1101000	431.04288764032054
1102000	438.48680544015696
1103000	427.5694618164492
1104000	422.0302934617477
1105000	420.81580187153605
1106000	434.9147713512918
1107000	436.99862560425896
1108000	427.6892004239337
1109000	417.6502753240536
1110000	433.85322319249246
1111000	432.3479378412395
1112000	430.09805946864833
1113000	427.80491420427876
1114000	422.68533407916806
1115000	444.6447909679936
1116000	433.335026697908
1117000	435.29612372303313
1118000	444.3459475526732
1119000	444.1769048126954
1120000	450.84101235368695
1121000	437.3920524574299
1122000	438.97481573116744
1123000	440.8232175963086
1124000	434.10678730245917
1125000	427.0492529082967
1126000	428.97915752306574
1127000	447.4702196219452
1128000	426.953663263664
1129000	432.0994047651982
1130000	431.2924269231477
1131000	441.5416492412197
1132000	432.9647426008068
1133000	438.4747309587273
1134000	438.71219576012487
1135000	433.60267770287584
1136000	438.66188542084586
1137000	423.1703257498248
1138000	418.3988931725387
1139000	434.6239775902542
1140000	423.78914292296736
1141000	430.52167252538595
1142000	436.9583773328343
1143000	442.956375981769
1144000	447.3494748076748
1145000	431.545991033118
1146000	424.34758768897285
1147000	437.1274200728157
1148000	430.13730153328726
1149000	438.6488047326341
1150000	441.49838234943763
1151000	438.62465576978224
1152000	431.8780392723661
1153000	431.39908484242414
1154000	426.8963094768844
1155000	430.316406341123
1156000	433.5755101196629
1157000	425.2753103452901
1158000	448.95638704426796
1159000	430.3526297854045
1160000	424.25401045791546
1161000	440.0222769949692
1162000	426.91844602616834
1163000	431.37694829314023
1164000	454.26010301113973
1165000	439.7475825425044
1166000	417.61707050012586
1167000	430.89497524284087
1168000	428.5112713677639
1169000	433.78480113106906
1170000	429.7660112294039
1171000	429.0093437266361
1172000	433.4306163425407
1173000	432.5602474730031
1174000	442.9684504631949
1175000	436.351634641125
1176000	440.7497645009562
1177000	444.27551307768186
1178000	441.5426554480055
1179000	432.8943081258191
1180000	456.9969854679593
1181000	443.1596297524566
1182000	441.7610023204802
1183000	426.3992433248017
1184000	432.6497998769173
1185000	428.48410378455463
1186000	419.05795861710226
1187000	413.76329851130265
1188000	427.1659728954239
1189000	416.0051272296074
1190000	426.32780264302454
1191000	427.06132738972263
1192000	428.5022155066954
1193000	421.20721631113173
1194000	426.50489503728875
1195000	423.5798519115649
1196000	436.1192008736491
1197000	435.0636899555609
1198000	421.6026555778706
1199000	421.891436925333
1200000	429.3756029965904
1201000	406.397864840744
1202000	410.8251746973597
1203000	425.16664001244567
1204000	428.70848789774044
1205000	427.00296739615726
1206000	422.6219430516773
1207000	421.58152523537245
1208000	424.4834256050302
1209000	426.8892660293838
1210000	427.126730830785
1211000	419.3910130631325
1212000	445.10462746901266
1213000	413.84077643379095
1214000	436.79134700642805
1215000	444.3811647901689
1216000	430.28420772398107
1217000	438.8963316018897
1218000	438.9697846972384
1219000	442.2731615743499
1220000	439.2283798411378
1221000	440.64310658168336
1222000	426.8872536158159
1223000	438.688046797273
1224000	439.26460328541924
1225000	443.9847193166479
1226000	441.27701685660924
1227000	444.479773055159
1228000	431.1797317631637
1229000	429.2136037041132
1230000	429.81229674153974
1231000	439.67010462001247
1232000	443.7381986541745
1233000	451.28173092577947
1234000	430.4150146061131
1235000	425.7150227105968
1236000	445.46988053218485
1237000	430.23490359148786
1238000	425.0247648556808
1239000	430.8426524899866
1240000	429.36252230837863
1241000	425.49868825169375
1242000	438.39121579552426
1243000	423.4098029648013
1244000	449.4202483724302
1245000	439.9669356217649
1246000	431.0036455756853
1247000	442.3939063886166
1248000	431.38298553385135
1249000	434.9922492737838
1250000	441.35046995195796
1251000	431.23205451601433
1252000	439.16700122721863
1253000	434.41770519920914
1254000	444.19099170769294
1255000	444.9848888615281
1256000	446.7346824616755
1257000	440.650150029184
1258000	447.75497614226805
1259000	445.6560287875175
1260000	445.652003960378
1261000	446.7457507363193
1262000	444.3489661730306
1263000	435.0375285791338
1264000	428.2265148474411
1265000	436.0668781207985
1266000	419.6043289016782
1267000	436.0437353647288
1268000	442.9634194292659
1269000	430.42708908753906
1270000	438.46366268408354
1271000	440.90975137986544
1272000	434.1399921263832
1273000	440.81013690808953
1274000	433.73449079178636
1275000	446.475081110994
1276000	434.1208741974567
1277000	447.28507757339463
1278000	443.4665228220634
1279000	427.53927561287884
1280000	446.5445093791959
1281000	452.4388687292152
1282000	438.8902943611785
1283000	433.1146674118617
1284000	439.20724949863967
1285000	432.4727074826531
1286000	418.59107866858625
1287000	430.7088269875045
1288000	422.6189244313199
1289000	431.262240719581
1290000	416.3643430520648
1291000	429.46213678015454
1292000	423.29509539124206
1293000	429.972283620449
1294000	434.4096555449227
1295000	438.8409902286853
1296000	416.9368747130642
1297000	419.6616826884541
1298000	436.5589132389559
1299000	432.5210054083605
1300000	431.03483798603776
1301000	425.45441515312586
1302000	423.24981608588837
1303000	429.7740608836867
1304000	408.1899191258913
1305000	429.71771330369285
1306000	422.0312996685335
1307000	424.44217112681974
1308000	420.25131986481574
1309000	415.04118112900505
1310000	435.9793381304486
1311000	403.99403682995836
1312000	407.69084056023337
1313000	414.9425728640186
1314000	409.5432672525141
1315000	425.9182764812845
1316000	430.75008146571497
1317000	431.00867660961063
1318000	423.98132841901855
1319000	424.39689182146975
1320000	421.79886590106133
1321000	425.3658689559974
1322000	438.7152143804823
1323000	425.03784554388886
1324000	433.8512107789172
1325000	423.81530429939085
1326000	424.1876008100636
1327000	417.2729477794555
1328000	418.95633173175474
1329000	437.5429834752669
1330000	436.4401808382534
1331000	412.8426193024823
1332000	423.00732025056186
1333000	436.9855449160472
1334000	416.5877209584648
1335000	427.6680700814392
1336000	434.7779272284523
1337000	416.3593120181358
1338000	438.8118102319008
1339000	439.1921563968563
1340000	433.2585549822018
1341000	438.6417612851372
1342000	435.0979009862708
1343000	432.8902832986722
1344000	430.8245407678495
1345000	430.4854490811008
1346000	415.26556524219086
1347000	433.28773497898635
1348000	424.98250417068454
1349000	431.9565234016402
1350000	438.5924571526403
1351000	436.1181946668633
1352000	439.55841566681426
1353000	440.8695031084444
1354000	423.7700249940408
1355000	441.9491629893845
1356000	432.31674543088707
1357000	433.08850603543823
1358000	418.6786186589325
1359000	422.5786761598989
1360000	415.8149541471278
1361000	430.3596732329051
1362000	422.544465129189
1363000	434.51832587776715
1364000	412.0094800840084
1365000	425.7925006330851
1366000	419.52282615204666
1367000	446.4841369720626
1368000	426.69506811976834
1369000	427.41551217825105
1370000	424.39991044182347
1371000	437.0730849063935
1372000	429.98033327473536
1373000	426.130586113048
1374000	444.0662220662794
1375000	441.0989182555592
1376000	415.9839968871056
1377000	448.5156684721791
1378000	438.21211098768845
1379000	432.9898977704481
1380000	422.60584374310815
1381000	421.81899003677
1382000	434.2416190117271
1383000	427.01906670472636
1384000	437.8347834430867
1385000	422.63804236024646
1386000	426.5713046851369
1387000	444.60454269657254
1388000	442.7873332417875
1389000	426.6950681197647
1390000	445.1639936693602
1391000	431.57215240954514
1392000	437.0298180146114
1393000	422.2275099917243
1394000	426.06820129233944
1395000	430.03567464793974
1396000	433.00398466544567
1397000	425.6556565102456
1398000	426.0279530209184
1399000	440.88962724415677
1400000	437.19382972066387
1401000	437.31759315529166
1402000	421.7938348671323
1403000	426.2905729919573
1404000	425.0147027878228
1405000	427.19112806506524
1406000	435.53660714479173
1407000	423.5436284672834
1408000	422.5726389191841
1409000	433.0120343197321
1410000	442.0789636647271
1411000	428.8392947798688
1412000	428.58774308347006
1413000	421.08747770364715
1414000	424.6806421350068
1415000	428.4790727506256
1416000	425.73917167345235
1417000	430.9030248971236
1418000	430.7289511232168
1419000	434.3995934770684
1420000	440.1581149110266
1421000	437.6103993299009
1422000	453.30118794447003
1423000	440.0595066460402
1424000	429.5084222922904
1425000	425.8106123552295
1426000	424.49348767288456
1427000	430.037687061515
1428000	431.48461241919887
1429000	429.34642299980953
1430000	425.8448233859394
1431000	440.37646178350127
1432000	442.35164570362764
1433000	431.25620347886985
1434000	435.443029913727
1435000	432.72325297226604
1436000	450.1477358784135
1437000	435.6845195422714
1438000	432.4254157637315
1439000	431.2944393367229
1440000	444.9718081733127
1441000	441.03753964163644
1442000	423.70663396655004
1443000	434.61995276311467
1444000	431.856908929868
1445000	438.4515882026576
1446000	442.7883394485733
1447000	417.7690077247524
1448000	424.69271661643273
1449000	422.9922271487785
1450000	422.7145140759526
1451000	434.1118183363882
1452000	415.5704458982297
1453000	432.79972468797223
1454000	437.9847082541416
1455000	437.38098418278605
1456000	422.70143338774085
1457000	441.06269481127777
1458000	434.1259052313857
1459000	438.01992549163725
1460000	448.4230974479038
1461000	431.545991033118
1462000	439.2807025939884
1463000	431.06502418960446
1464000	423.88775118795746
1465000	434.0091852442585
1466000	428.12186934173985
1467000	459.1029762702104
1468000	431.2924269231477
1469000	434.24966866601346
1470000	446.86146451666065
1471000	444.48882891622753
1472000	441.978342986169
1473000	441.7841450765499
1474000	429.264920250178
1475000	442.30032915755913
1476000	432.5894274697803
1477000	427.38431976789855
1478000	445.3108998600577
1479000	441.9270264401006
1480000	434.56360518312084
1481000	424.96640486211174
1482000	411.0354719155516
1483000	448.8487229182093
1484000	440.24062386744754
1485000	442.39088776826287
1486000	438.06520479699094
1487000	437.3689097013565
1488000	442.4603160364684
1489000	427.8200073060621
1490000	442.4089994904036
1491000	424.2218118407735
1492000	438.0853289327033
1493000	442.1403422786499
1494000	425.771370290587
1495000	438.19802409268726
1496000	438.627674390136
1497000	427.9085535031942
1498000	435.7458981561942
1499000	435.6885443694146
1500000	422.5746513327557
1501000	436.27717533899045
1502000	431.6808227423896
1503000	429.372584376233
1504000	446.47206249063663
1505000	443.9162972552245
1506000	424.62228214143767
1507000	440.4318031567093
1508000	428.0574721074633
1509000	420.5179646629978
1510000	421.6398852289342
1511000	430.6736097500088
1512000	424.9694234824728
1513000	429.9320353490243
1514000	439.58658945680935
1515000	418.44517868467085
1516000	438.73030748226927
1517000	429.3423981726663
1518000	429.7297877851188
1519000	442.51062637574745
1520000	434.1279176449573
1521000	456.9225261658247
1522000	436.2449767218485
1523000	440.9660989598629
1524000	436.31239257648247
1525000	437.9021992977243
1526000	441.33336443659937
1527000	432.2362488880377
1528000	434.93590169378996
1529000	430.8225283542779
1530000	432.0672061480599
1531000	422.12487689959465
1532000	428.4780665438398
1533000	441.1733775576938
1534000	444.00081862521336
1535000	434.34123348350295
1536000	432.7182219383371
1537000	444.72931233798613
1538000	441.54869268872034
1539000	437.0247869806861
1540000	439.67916048108464
1541000	420.91944117045153
1542000	446.6290307491885
1543000	442.9895808056894
1544000	434.59681000704126
1545000	435.89179814010595
1546000	427.2142708211313
1547000	432.9576991533099
1548000	449.4484221624253
1549000	450.5632992808647
1550000	434.6843499973912
1551000	424.9573490010432
1552000	420.0712088501942
1553000	439.7485887492902
1554000	443.80158968166523
1555000	439.64092462323157
1556000	432.77356331154874
1557000	408.62057563012223
1558000	451.4437302182603
1559000	433.45979633932154
1560000	434.552536908477
1561000	440.73970243310185
1562000	432.4223971433704
1563000	420.67694533512497
1564000	438.02093169842306
1565000	437.8136531005885
1566000	424.7923310882086
1567000	435.9511643404535
1568000	433.4769018546765
1569000	441.6100713026431
1570000	426.2241633441091
1571000	409.9477623803215
1572000	427.6368776710868
1573000	432.2513419898247
1574000	422.27278929707427
1575000	431.4866248327705
1576000	423.64726776619887
1577000	438.8369654015421
1578000	441.96727471152525
1579000	428.6159168734688
1580000	435.05161547413496
1581000	427.3521211507603
1582000	443.33470973315286
1583000	451.10363232473316
1584000	440.32715765100806
1585000	442.6172842950203
1586000	451.08552060258876
1587000	445.2384529714948
1588000	427.0703832507912
1589000	432.58540264264076
1590000	407.6586419430951
1591000	411.0143415730535
1592000	427.07138945757697
1593000	412.767153793562
1594000	416.7336209423765
1595000	435.02344168413623
1596000	430.05579878365575
1597000	435.6835133354856
1598000	433.380306003258
1599000	435.32731613338564
1600000	426.1466854216172
1601000	432.918457088671
1602000	439.67111082679827
1603000	426.9999487758035
1604000	425.69791719524187
1605000	435.8746926247473
1606000	437.5148096852718
1607000	438.20104271304467
1608000	445.10060264186944
1609000	441.2951285787463
1610000	441.6261706112123
1611000	454.73402640715636
1612000	437.09220283532005
1613000	430.7601435335693
1614000	433.63890114715736
1615000	438.00181376949655
1616000	440.81617414880435
1617000	444.69308889370467
1618000	440.439852810992
1619000	441.6070526822821
1620000	429.3283112776688
1621000	447.08987345699336
1622000	441.56680441086104
1623000	437.47053658670393
1624000	425.41919791563384
1625000	442.94832632748256
1626000	437.35884763350214
1627000	445.05230471615835
1628000	438.36404821231133
1629000	440.105792158176
1630000	433.31087773505243
1631000	429.95920293223725
1632000	429.49735401764656
1633000	444.3499723798164
1634000	431.7824496277371
1635000	423.23271057053347
1636000	433.34307635219074
1637000	433.26761084327035
1638000	432.67294263298703
1639000	426.547155722285
1640000	428.21444036601514
1641000	435.02947892485105
1642000	431.00968281639643
1643000	434.7658527470227
1644000	426.7584591472591
1645000	439.0854984775835
1646000	433.81498733463576
1647000	421.63183557465146
1648000	441.74087818477153
1649000	426.78059569654306
1650000	434.451916229919
1651000	436.42206911611635
1652000	427.83006937391644
1653000	429.45408712586817
1654000	424.7329648878537
1655000	424.4633014693142
1656000	416.48408165954936
1657000	434.873516873085
1658000	414.5300280819248
1659000	428.1057700331707
1660000	429.6985953747663
1661000	430.60418148179957
1662000	423.56073398263834
1663000	434.78597688273504
1664000	441.86262920582766
1665000	440.9510058580759
1666000	430.1181836043607
1667000	438.24632201839466
1668000	438.23625995054033
1669000	427.1126439357875
1670000	444.936590935817
1671000	430.26710220862617
1672000	431.60636344025505
1673000	440.9781734412852
1674000	452.6048928488392
1675000	441.6301954383518
1676000	454.8014422617903
1677000	461.85998286273855
1678000	450.3036979301832
1679000	443.26930629208687
1680000	428.49014102526945
1681000	440.3613686817179
1682000	446.37546663921813
1683000	440.58273417455
1684000	431.0952103931748
1685000	431.47555655813034
1686000	429.98335189508913
1687000	428.02527349032135
1688000	447.91295060760933
1689000	444.7776102636972
1690000	438.8651391915372
1691000	441.6694375029907
1692000	427.11767496971646
1693000	451.1720543861492
1694000	429.7740608836867
1695000	423.19749333304145
1696000	424.9794855503271
1697000	442.7380291092943
1698000	426.8138005204671
1699000	423.623118803347
1700000	424.9231379703333
1701000	431.18375659030687
1702000	444.9396095561744
1703000	449.84788625630733
1704000	424.74000833535797
1705000	438.9868902125934
1706000	420.08127091805216
1707000	421.30884319647555
1708000	431.4997055209822
1709000	435.28404924160355
1710000	430.70077733322177
1711000	442.16348503471596
1712000	420.0762398841232
1713000	437.7402000052398
1714000	441.75194645941167
1715000	442.1443671057931
1716000	442.8074573774962
1717000	436.8547380339188
1718000	431.8559027230822
1719000	429.39673333908854
1720000	437.58826278061696
1721000	434.5233569116925
1722000	434.59982862739867
1723000	437.0348490485404
1724000	444.0380482762806
1725000	433.8703287078437
1726000	429.39673333908854
1727000	438.60553784085573
1728000	444.96174610545836
1729000	422.0836224213841
1730000	447.0214513955736
1731000	450.0440965794981
1732000	434.8554051509406
1733000	450.07730140342215
1734000	440.4016169531426
1735000	440.95804930557654
1736000	455.66376147704517
1737000	429.64224779477615
1738000	441.91897678581785
1739000	422.428751348844
1740000	431.0318193656804
1741000	428.5505134324028
1742000	432.4213909365846
1743000	435.16934166804793
1744000	431.01471385032545
1745000	434.798051364161
1746000	428.9620520077145
1747000	440.7608327756
1748000	443.19082216281276
1749000	437.0730849063935
1750000	428.11784451459664
1751000	431.0750862574625
1752000	441.7750892154814
1753000	430.3546421989761
1754000	435.92600917081216
1755000	433.2474867075617
1756000	433.633870113232
1757000	442.9624132224801
1758000	425.8840654505783
1759000	426.4877895219338
1760000	439.12574674900816
1761000	428.5454823984738
1762000	439.95385493355315
1763000	441.15325342198145
1764000	432.89933915974444
1765000	431.6355434370396
1766000	434.56360518312084
1767000	437.1948359274497
1768000	446.81719141809646
1769000	437.82371516844654
1770000	432.30768956981484
1771000	441.37160029445613
1772000	454.60825055895697
1773000	439.85826528892045
1774000	435.0496030605597
1775000	442.0769512511555
1776000	433.1851018868531
1777000	439.36522396398095
1778000	419.2893861777887
1779000	427.4044439036109
1780000	432.26643509160436
1781000	424.59410835144627
1782000	437.3920524574262
1783000	448.23694919257105
1784000	438.7775992011909
1785000	439.9689480353328
1786000	429.9682587933094
1787000	435.05865892163195
1788000	434.53140656598254
1789000	431.3135572656458
1790000	447.22772378661864
1791000	448.27317263684887
1792000	434.9479761752159
1793000	448.06488783223585
1794000	433.5996590825185
1795000	429.1864361209003
1796000	431.3457558827877
1797000	450.57336134871906
1798000	444.68805785977565
1799000	446.8564334827353
1800000	455.36693047529644
1801000	432.55119161193085
1802000	436.10712639222317
1803000	443.7492669288146
1804000	426.5360874476449
1805000	431.32764416064333
1806000	433.14082878828884
1807000	419.6797944105985
1808000	426.9798246400875
1809000	435.43095543230106
1810000	438.59044473906874
1811000	427.63084043037196
1812000	436.2419581014911
1813000	427.4567666564615
1814000	428.6903761756034
1815000	431.3759420863544
1816000	435.92399675724056
1817000	445.6862149910842
1818000	432.92650674295373
1819000	429.4047829933749
1820000	433.92868870140916
1821000	447.57486512764643
1822000	450.5632992808647
1823000	441.5436616547913
1824000	448.14639058186367
1825000	435.6905567829862
1826000	439.88140804498653
1827000	434.9892306534264
1828000	435.66741402691645
1829000	427.97798177139975
1830000	442.1976960654259
1831000	433.7053107950055
1832000	423.64726776619887
1833000	447.7056720097748
1834000	441.98538643366965
1835000	451.652015022877
1836000	447.1965313762625
1837000	436.31138636969666
1838000	438.1799123705502
1839000	449.63054559061845
1840000	449.8458738427357
1841000	436.2530263761349
1842000	429.66740296441384
1843000	420.79467152903794
1844000	421.650953503578
1845000	433.92567008105175
1846000	435.2910926891041
1847000	437.7150448356021
1848000	445.58358189895824
1849000	429.41987609515826
1850000	441.52454372586476
1851000	428.61390445989724
1852000	442.0437464272314
1853000	426.08933163483755
1854000	433.41351082718575
1855000	427.6308404303683
1856000	442.21077675364126
1857000	437.1032711099602
1858000	446.7960610755983
1859000	447.32532584482294
1860000	439.90756942141735
1861000	427.30482943183864
1862000	444.3539972069596
1863000	431.32965657421494
1864000	430.4602939114631
1865000	420.8630935904577
1866000	420.0822771248343
1867000	433.5594108110938
1868000	429.8555636333181
1869000	426.8067570729665
1870000	438.87922608653474
1871000	446.6139376474051
1872000	434.68837482453443
1873000	423.572808464068
1874000	437.0127124992565
1875000	435.0475906469918
1876000	427.3692266661152
1877000	435.67244506084177
1878000	444.0400606898522
1879000	439.1599577797144
1880000	437.1062897303176
1881000	440.91075758665494
1882000	438.9969522804477
1883000	432.30768956981484
1884000	430.5116104575316
1885000	431.6898786034581
1886000	431.24111037708286
1887000	433.73851561893326
1888000	427.37325149325477
1889000	448.5186870925365
1890000	442.2148015807808
1891000	437.8378020634477
1892000	454.3003512825644
1893000	432.9959350111593
1894000	435.9984560593788
1895000	432.72325297226604
1896000	431.50373034812174
1897000	441.27500444303763
1898000	445.78884808321754
1899000	443.6959379691782
1900000	431.13545866459583
1901000	434.29092314422394
1902000	429.3333423115978
1903000	419.3135351406405
1904000	425.30952137600366
1905000	430.32344978862363
1906000	436.113163632938
1907000	436.3687401564763
1908000	438.0400496273496
1909000	436.3184298171973
1910000	432.9858729433049
1911000	451.23242679328627
1912000	421.0120121947268
1913000	431.93841167950313
1914000	426.2422750662462
1915000	418.6806310725005
1916000	428.3231106988596
1917000	430.3516235786187
1918000	429.20555404982315
1919000	424.6363690364389
1920000	442.4442167278993
1921000	431.50674896847914
1922000	429.3514540337385
1923000	424.7722069524926
1924000	411.1622539705368
1925000	422.89160647022044
1926000	420.3690460587324
1927000	425.69590478167027
1928000	438.3559985580249
1929000	425.6918799545271
1930000	442.2319070961394
1931000	439.0673867554427
1932000	432.444533692658
1933000	431.6456055048939
1934000	448.40397951898086
1935000	442.52773189110604
1936000	431.77439997345067
1937000	444.5793875269312
1938000	438.622643356207
1939000	454.4663754021885
1940000	464.8614977041686
1941000	438.6749661090576
1942000	433.17403361221295
1943000	433.05027017758516
1944000	429.7458870936916
1945000	441.5436616547913
1946000	439.942786658913
1947000	437.22904695815953
1948000	437.8860999891551
1949000	442.70079945822334
1950000	436.35968429540776
1951000	440.166164565313
1952000	425.85387924700797
1953000	429.54867056371506
1954000	442.19467744506846
1955000	446.12793976996255
1956000	446.4871555924199
1957000	427.2826928825547
1958000	434.9660878973603
1959000	435.00834858234924
1960000	444.01691793378615
1961000	424.51864284252224
1962000	433.335026697908
1963000	452.2205218567405
1964000	446.9178120966545
1965000	428.8775306377219
1966000	440.3412445460056
1967000	432.2795157798161
1968000	438.68502817691564
1969000	429.22165335839594
1970000	421.13476942256875
1971000	441.21161341554324
1972000	436.7832973521417
1973000	430.32747461576315
1974000	431.0549621217501
1975000	437.65165380811135
1976000	432.1094668330525
1977000	430.022593959728
1978000	425.9716054409246
1979000	428.8694809834355
1980000	431.7351579088118
1981000	436.96139595319164
1982000	433.17403361220926
1983000	431.81162962451793
1984000	432.6870295279846
1985000	420.83995083438793
1986000	423.3866602087279
1987000	430.3204311682662
1988000	429.4782360887237
1989000	449.09524358068273
1990000	437.6617158759657
1991000	440.09472388353583
1992000	443.13447458281894
1993000	440.52135556062717
1994000	447.6302065008581
1995000	443.5530566056239
1996000	443.9907565573554
1997000	434.85138032380104
1998000	426.9959239486603
1999000	432.11449786698154
2000000	417.6553063579826
