1000000.0	440.8030934605926	440.8030934605926
1001000.0	433.38030600326164	433.38030600326164
1002000.0	430.74303801821435	430.74303801821435
1003000.0	434.24061280494493	434.24061280494493
1004000.0	422.77891131023284	422.77891131023284
1005000.0	429.64124158799035	429.64124158799035
1006000.0	422.5183037527619	422.5183037527619
1007000.0	436.0960581175794	436.0960581175794
1008000.0	431.9655792627124	431.9655792627124
1009000.0	435.73784850191146	435.73784850191146
1010000.0	424.91106348890736	424.91106348890736
1011000.0	432.0571440802019	432.0571440802019
1012000.0	427.9005038489078	427.9005038489078
1013000.0	440.6712803716821	440.6712803716821
1014000.0	423.34238711016366	423.34238711016366
1015000.0	428.00011832068367	428.00011832068367
1016000.0	422.65112304846184	422.65112304846184
1017000.0	427.80088937713555	427.80088937713555
1018000.0	416.21139962065246	416.21139962065246
1019000.0	418.9412386299714	418.9412386299714
1020000.0	427.16697910220967	427.16697910220967
1021000.0	428.8392947798725	428.8392947798725
1022000.0	428.2838686342207	428.2838686342207
1023000.0	411.6200780579843	411.6200780579843
1024000.0	429.9441098304539	429.9441098304539
1025000.0	446.0917163256811	446.0917163256811
1026000.0	426.0229219869894	426.0229219869894
1027000.0	433.4758956478907	433.4758956478907
1028000.0	442.44824155504244	442.44824155504244
1029000.0	436.4431994586108	436.4431994586108
1030000.0	431.2652593399384	431.2652593399384
1031000.0	431.15457659352234	431.15457659352234
1032000.0	458.27386187887953	458.27386187887953
1033000.0	444.0249675880689	444.0249675880689
1034000.0	422.5172975459761	422.5172975459761
1035000.0	431.46046345634335	431.46046345634335
1036000.0	439.2575598379187	439.2575598379187
1037000.0	433.1267418932913	433.1267418932913
1038000.0	441.1733775576938	441.1733775576938
1039000.0	460.8728940060701	460.8728940060701
1040000.0	443.3196166313659	443.3196166313659
1041000.0	439.56344670074327	439.56344670074327
1042000.0	441.51850648515364	441.51850648515364
1043000.0	435.51950162943314	435.51950162943314
1044000.0	434.5032327759838	434.5032327759838
1045000.0	430.40193391789774	430.40193391789774
1046000.0	433.202207402208	433.202207402208
1047000.0	421.1870921754194	421.1870921754194
1048000.0	437.7432186255972	437.7432186255972
1049000.0	425.0901682967395	425.0901682967395
1050000.0	440.17723283995315	440.17723283995315
1051000.0	446.5837514438384	446.5837514438384
1052000.0	443.5248828156252	443.5248828156252
1053000.0	450.3640703373166	450.3640703373166
1054000.0	443.528907642772	443.528907642772
1055000.0	437.6637282895373	437.6637282895373
1056000.0	430.617262170015	430.617262170015
1057000.0	448.3415946982723	448.3415946982723
1058000.0	446.2275542417348	446.2275542417348
1059000.0	431.2390979635149	431.2390979635149
1060000.0	444.04509172378124	444.04509172378124
1061000.0	438.2191544351854	438.2191544351854
1062000.0	445.25354607328177	445.25354607328177
1063000.0	422.5193099595477	422.5193099595477
1064000.0	436.6685897785861	436.6685897785861
1065000.0	422.5203161663335	422.5203161663335
1066000.0	422.4035961792063	422.4035961792063
1067000.0	441.9330636808154	441.9330636808154
1068000.0	433.51211909217216	433.51211909217216
1069000.0	436.52671462181394	436.52671462181394
1070000.0	421.60768661179594	421.60768661179594
1071000.0	432.25737923053583	432.25737923053583
1072000.0	433.5302308143129	433.5302308143129
1073000.0	429.46314298694034	429.46314298694034
1074000.0	429.39472092551694	429.39472092551694
1075000.0	414.32979293158724	414.32979293158724
1076000.0	429.4037767865891	429.4037767865891
1077000.0	438.64176128513355	438.64176128513355
1078000.0	436.0286422629454	436.0286422629454
1079000.0	443.04592838568317	443.04592838568317
1080000.0	461.2321098285275	461.2321098285275
1081000.0	441.6885554319172	441.6885554319172
1082000.0	434.70548033988933	434.70548033988933
1083000.0	430.45626908431996	430.45626908431996
1084000.0	413.2581827049299	413.2581827049299
1085000.0	434.6058658681134	434.6058658681134
1086000.0	435.72275540012447	435.72275540012447
1087000.0	451.2978302343486	451.2978302343486
1088000.0	428.188278989588	428.188278989588
1089000.0	431.7482385970272	431.7482385970272
1090000.0	438.281539255894	438.281539255894
1091000.0	427.74051696999857	427.74051696999857
1092000.0	434.5947975934733	434.5947975934733
1093000.0	445.64496051287375	445.64496051287375
1094000.0	441.9894112608092	441.9894112608092
1095000.0	431.05697453532173	431.05697453532173
1096000.0	439.0532998604452	439.0532998604452
1097000.0	446.4016280156416	446.4016280156416
1098000.0	440.04843837140004	440.04843837140004
1099000.0	435.4349802594443	435.4349802594443
1100000.0	428.04741003960896	428.04741003960896
1101000.0	431.04288764032054	431.04288764032054
1102000.0	438.48680544015696	438.48680544015696
1103000.0	427.5694618164492	427.5694618164492
1104000.0	422.0302934617477	422.0302934617477
1105000.0	420.81580187153605	420.81580187153605
1106000.0	434.9147713512918	434.9147713512918
1107000.0	436.99862560425896	436.99862560425896
1108000.0	427.6892004239337	427.6892004239337
1109000.0	417.6502753240536	417.6502753240536
1110000.0	433.85322319249246	433.85322319249246
1111000.0	432.3479378412395	432.3479378412395
1112000.0	430.09805946864833	430.09805946864833
1113000.0	427.80491420427876	427.80491420427876
1114000.0	422.68533407916806	422.68533407916806
1115000.0	444.6447909679936	444.6447909679936
1116000.0	433.335026697908	433.335026697908
1117000.0	435.29612372303313	435.29612372303313
1118000.0	444.3459475526732	444.3459475526732
1119000.0	444.1769048126954	444.1769048126954
1120000.0	450.84101235368695	450.84101235368695
1121000.0	437.3920524574299	437.3920524574299
1122000.0	438.97481573116744	438.97481573116744
1123000.0	440.8232175963086	440.8232175963086
1124000.0	434.10678730245917	434.10678730245917
1125000.0	427.0492529082967	427.0492529082967
1126000.0	428.97915752306574	428.97915752306574
1127000.0	447.4702196219452	447.4702196219452
1128000.0	426.953663263664	426.953663263664
1129000.0	432.0994047651982	432.0994047651982
1130000.0	431.2924269231477	431.2924269231477
1131000.0	441.5416492412197	441.5416492412197
1132000.0	432.9647426008068	432.9647426008068
1133000.0	438.4747309587273	438.4747309587273
1134000.0	438.71219576012487	438.71219576012487
1135000.0	433.60267770287584	433.60267770287584
1136000.0	438.66188542084586	438.66188542084586
1137000.0	423.1703257498248	423.1703257498248
1138000.0	418.3988931725387	418.3988931725387
1139000.0	434.6239775902542	434.6239775902542
1140000.0	423.78914292296736	423.78914292296736
1141000.0	430.52167252538595	430.52167252538595
1142000.0	436.9583773328343	436.9583773328343
1143000.0	442.956375981769	442.956375981769
1144000.0	447.3494748076748	447.3494748076748
1145000.0	431.545991033118	431.545991033118
1146000.0	424.34758768897285	424.34758768897285
1147000.0	437.1274200728157	437.1274200728157
1148000.0	430.13730153328726	430.13730153328726
1149000.0	438.6488047326341	438.6488047326341
1150000.0	441.49838234943763	441.49838234943763
1151000.0	438.62465576978224	438.62465576978224
1152000.0	431.8780392723661	431.8780392723661
1153000.0	431.39908484242414	431.39908484242414
1154000.0	426.8963094768844	426.8963094768844
1155000.0	430.316406341123	430.316406341123
1156000.0	433.5755101196629	433.5755101196629
1157000.0	425.2753103452901	425.2753103452901
1158000.0	448.95638704426796	448.95638704426796
1159000.0	430.3526297854045	430.3526297854045
1160000.0	424.25401045791546	424.25401045791546
1161000.0	440.0222769949692	440.0222769949692
1162000.0	426.91844602616834	426.91844602616834
1163000.0	431.37694829314023	431.37694829314023
1164000.0	454.26010301113973	454.26010301113973
1165000.0	439.7475825425044	439.7475825425044
1166000.0	417.61707050012586	417.61707050012586
1167000.0	430.89497524284087	430.89497524284087
1168000.0	428.5112713677639	428.5112713677639
1169000.0	433.78480113106906	433.78480113106906
1170000.0	429.7660112294039	429.7660112294039
1171000.0	429.0093437266361	429.0093437266361
1172000.0	433.4306163425407	433.4306163425407
1173000.0	432.5602474730031	432.5602474730031
1174000.0	442.9684504631949	442.9684504631949
1175000.0	436.351634641125	436.351634641125
1176000.0	440.7497645009562	440.7497645009562
1177000.0	444.27551307768186	444.27551307768186
1178000.0	441.5426554480055	441.5426554480055
1179000.0	432.8943081258191	432.8943081258191
1180000.0	456.9969854679593	456.9969854679593
1181000.0	443.1596297524566	443.1596297524566
1182000.0	441.7610023204802	441.7610023204802
1183000.0	426.3992433248017	426.3992433248017
1184000.0	432.6497998769173	432.6497998769173
1185000.0	428.48410378455463	428.48410378455463
1186000.0	419.05795861710226	419.05795861710226
1187000.0	413.76329851130265	413.76329851130265
1188000.0	427.1659728954239	427.1659728954239
1189000.0	416.0051272296074	416.0051272296074
1190000.0	426.32780264302454	426.32780264302454
1191000.0	427.06132738972263	427.06132738972263
1192000.0	428.5022155066954	428.5022155066954
1193000.0	421.20721631113173	421.20721631113173
1194000.0	426.50489503728875	426.50489503728875
1195000.0	423.5798519115649	423.5798519115649
1196000.0	436.1192008736491	436.1192008736491
1197000.0	435.0636899555609	435.0636899555609
1198000.0	421.6026555778706	421.6026555778706
1199000.0	421.891436925333	421.891436925333
1200000.0	429.3756029965904	429.3756029965904
1201000.0	406.397864840744	406.397864840744
1202000.0	410.8251746973597	410.8251746973597
1203000.0	425.16664001244567	425.16664001244567
1204000.0	428.70848789774044	428.70848789774044
1205000.0	427.00296739615726	427.00296739615726
1206000.0	422.6219430516773	422.6219430516773
1207000.0	421.58152523537245	421.58152523537245
1208000.0	424.4834256050302	424.4834256050302
1209000.0	426.8892660293838	426.8892660293838
1210000.0	427.126730830785	427.126730830785
1211000.0	419.3910130631325	419.3910130631325
1212000.0	445.10462746901266	445.10462746901266
1213000.0	413.84077643379095	413.84077643379095
1214000.0	436.79134700642805	436.79134700642805
1215000.0	444.3811647901689	444.3811647901689
1216000.0	430.28420772398107	430.28420772398107
1217000.0	438.8963316018897	438.8963316018897
1218000.0	438.9697846972384	438.9697846972384
1219000.0	442.2731615743499	442.2731615743499
1220000.0	439.2283798411378	439.2283798411378
1221000.0	440.64310658168336	440.64310658168336
1222000.0	426.8872536158159	426.8872536158159
1223000.0	438.688046797273	438.688046797273
1224000.0	439.26460328541924	439.26460328541924
1225000.0	443.9847193166479	443.9847193166479
1226000.0	441.27701685660924	441.27701685660924
1227000.0	444.479773055159	444.479773055159
1228000.0	431.1797317631637	431.1797317631637
1229000.0	429.2136037041132	429.2136037041132
1230000.0	429.81229674153974	429.81229674153974
1231000.0	439.67010462001247	439.67010462001247
1232000.0	443.7381986541745	443.7381986541745
1233000.0	451.28173092577947	451.28173092577947
1234000.0	430.4150146061131	430.4150146061131
1235000.0	425.7150227105968	425.7150227105968
1236000.0	445.46988053218485	445.46988053218485
1237000.0	430.23490359148786	430.23490359148786
1238000.0	425.0247648556808	425.0247648556808
1239000.0	430.8426524899866	430.8426524899866
1240000.0	429.36252230837863	429.36252230837863
1241000.0	425.49868825169375	425.49868825169375
1242000.0	438.39121579552426	438.39121579552426
1243000.0	423.4098029648013	423.4098029648013
1244000.0	449.4202483724302	449.4202483724302
1245000.0	439.9669356217649	439.9669356217649
1246000.0	431.0036455756853	431.0036455756853
1247000.0	442.3939063886166	442.3939063886166
1248000.0	431.38298553385135	431.38298553385135
1249000.0	434.9922492737838	434.9922492737838
1250000.0	441.35046995195796	441.35046995195796
1251000.0	431.23205451601433	431.23205451601433
1252000.0	439.16700122721863	439.16700122721863
1253000.0	434.41770519920914	434.41770519920914
1254000.0	444.19099170769294	444.19099170769294
1255000.0	444.9848888615281	444.9848888615281
1256000.0	446.7346824616755	446.7346824616755
1257000.0	440.650150029184	440.650150029184
1258000.0	447.75497614226805	447.75497614226805
1259000.0	445.6560287875175	445.6560287875175
1260000.0	445.652003960378	445.652003960378
1261000.0	446.7457507363193	446.7457507363193
1262000.0	444.3489661730306	444.3489661730306
1263000.0	435.0375285791338	435.0375285791338
1264000.0	428.2265148474411	428.2265148474411
1265000.0	436.0668781207985	436.0668781207985
1266000.0	419.6043289016782	419.6043289016782
1267000.0	436.0437353647288	436.0437353647288
1268000.0	442.9634194292659	442.9634194292659
1269000.0	430.42708908753906	430.42708908753906
1270000.0	438.46366268408354	438.46366268408354
1271000.0	440.90975137986544	440.90975137986544
1272000.0	434.1399921263832	434.1399921263832
1273000.0	440.81013690808953	440.81013690808953
1274000.0	433.73449079178636	433.73449079178636
1275000.0	446.475081110994	446.475081110994
1276000.0	434.1208741974567	434.1208741974567
1277000.0	447.28507757339463	447.28507757339463
1278000.0	443.4665228220634	443.4665228220634
1279000.0	427.53927561287884	427.53927561287884
1280000.0	446.5445093791959	446.5445093791959
1281000.0	452.4388687292152	452.4388687292152
1282000.0	438.8902943611785	438.8902943611785
1283000.0	433.1146674118617	433.1146674118617
1284000.0	439.20724949863967	439.20724949863967
1285000.0	432.4727074826531	432.4727074826531
1286000.0	418.59107866858625	418.59107866858625
1287000.0	430.7088269875045	430.7088269875045
1288000.0	422.6189244313199	422.6189244313199
1289000.0	431.262240719581	431.262240719581
1290000.0	416.3643430520648	416.3643430520648
1291000.0	429.46213678015454	429.46213678015454
1292000.0	423.29509539124206	423.29509539124206
1293000.0	429.972283620449	429.972283620449
1294000.0	434.4096555449227	434.4096555449227
1295000.0	438.8409902286853	438.8409902286853
1296000.0	416.9368747130642	416.9368747130642
1297000.0	419.6616826884541	419.6616826884541
1298000.0	436.5589132389559	436.5589132389559
1299000.0	432.5210054083605	432.5210054083605
1300000.0	431.03483798603776	431.03483798603776
1301000.0	425.45441515312586	425.45441515312586
1302000.0	423.24981608588837	423.24981608588837
1303000.0	429.7740608836867	429.7740608836867
1304000.0	408.1899191258913	408.1899191258913
1305000.0	429.71771330369285	429.71771330369285
1306000.0	422.0312996685335	422.0312996685335
1307000.0	424.44217112681974	424.44217112681974
1308000.0	420.25131986481574	420.25131986481574
1309000.0	415.04118112900505	415.04118112900505
1310000.0	435.9793381304486	435.9793381304486
1311000.0	403.99403682995836	403.99403682995836
1312000.0	407.69084056023337	407.69084056023337
1313000.0	414.9425728640186	414.9425728640186
1314000.0	409.5432672525141	409.5432672525141
1315000.0	425.9182764812845	425.9182764812845
1316000.0	430.75008146571497	430.75008146571497
1317000.0	431.00867660961063	431.00867660961063
1318000.0	423.98132841901855	423.98132841901855
1319000.0	424.39689182146975	424.39689182146975
1320000.0	421.79886590106133	421.79886590106133
1321000.0	425.3658689559974	425.3658689559974
1322000.0	438.7152143804823	438.7152143804823
1323000.0	425.03784554388886	425.03784554388886
1324000.0	433.8512107789172	433.8512107789172
1325000.0	423.81530429939085	423.81530429939085
1326000.0	424.1876008100636	424.1876008100636
1327000.0	417.2729477794555	417.2729477794555
1328000.0	418.95633173175474	418.95633173175474
1329000.0	437.5429834752669	437.5429834752669
1330000.0	436.4401808382534	436.4401808382534
1331000.0	412.8426193024823	412.8426193024823
1332000.0	423.00732025056186	423.00732025056186
1333000.0	436.9855449160472	436.9855449160472
1334000.0	416.5877209584648	416.5877209584648
1335000.0	427.6680700814392	427.6680700814392
1336000.0	434.7779272284523	434.7779272284523
1337000.0	416.3593120181358	416.3593120181358
1338000.0	438.8118102319008	438.8118102319008
1339000.0	439.1921563968563	439.1921563968563
1340000.0	433.2585549822018	433.2585549822018
1341000.0	438.6417612851372	438.6417612851372
1342000.0	435.0979009862708	435.0979009862708
1343000.0	432.8902832986722	432.8902832986722
1344000.0	430.8245407678495	430.8245407678495
1345000.0	430.4854490811008	430.4854490811008
1346000.0	415.26556524219086	415.26556524219086
1347000.0	433.28773497898635	433.28773497898635
1348000.0	424.98250417068454	424.98250417068454
1349000.0	431.9565234016402	431.9565234016402
1350000.0	438.5924571526403	438.5924571526403
1351000.0	436.1181946668633	436.1181946668633
1352000.0	439.55841566681426	439.55841566681426
1353000.0	440.8695031084444	440.8695031084444
1354000.0	423.7700249940408	423.7700249940408
1355000.0	441.9491629893845	441.9491629893845
1356000.0	432.31674543088707	432.31674543088707
1357000.0	433.08850603543823	433.08850603543823
1358000.0	418.6786186589325	418.6786186589325
1359000.0	422.5786761598989	422.5786761598989
1360000.0	415.8149541471278	415.8149541471278
1361000.0	430.3596732329051	430.3596732329051
1362000.0	422.544465129189	422.544465129189
1363000.0	434.51832587776715	434.51832587776715
1364000.0	412.0094800840084	412.0094800840084
1365000.0	425.7925006330851	425.7925006330851
1366000.0	419.52282615204666	419.52282615204666
1367000.0	446.4841369720626	446.4841369720626
1368000.0	426.69506811976834	426.69506811976834
1369000.0	427.41551217825105	427.41551217825105
1370000.0	424.39991044182347	424.39991044182347
1371000.0	437.0730849063935	437.0730849063935
1372000.0	429.98033327473536	429.98033327473536
1373000.0	426.130586113048	426.130586113048
1374000.0	444.0662220662794	444.0662220662794
1375000.0	441.0989182555592	441.0989182555592
1376000.0	415.9839968871056	415.9839968871056
1377000.0	448.5156684721791	448.5156684721791
1378000.0	438.21211098768845	438.21211098768845
1379000.0	432.9898977704481	432.9898977704481
1380000.0	422.60584374310815	422.60584374310815
1381000.0	421.81899003677	421.81899003677
1382000.0	434.2416190117271	434.2416190117271
1383000.0	427.01906670472636	427.01906670472636
1384000.0	437.8347834430867	437.8347834430867
1385000.0	422.63804236024646	422.63804236024646
1386000.0	426.5713046851369	426.5713046851369
1387000.0	444.60454269657254	444.60454269657254
1388000.0	442.7873332417875	442.7873332417875
1389000.0	426.6950681197647	426.6950681197647
1390000.0	445.1639936693602	445.1639936693602
1391000.0	431.57215240954514	431.57215240954514
1392000.0	437.0298180146114	437.0298180146114
1393000.0	422.2275099917243	422.2275099917243
1394000.0	426.06820129233944	426.06820129233944
1395000.0	430.03567464793974	430.03567464793974
1396000.0	433.00398466544567	433.00398466544567
1397000.0	425.6556565102456	425.6556565102456
1398000.0	426.0279530209184	426.0279530209184
1399000.0	440.88962724415677	440.88962724415677
1400000.0	437.19382972066387	437.19382972066387
1401000.0	437.31759315529166	437.31759315529166
1402000.0	421.7938348671323	421.7938348671323
1403000.0	426.2905729919573	426.2905729919573
1404000.0	425.0147027878228	425.0147027878228
1405000.0	427.19112806506524	427.19112806506524
1406000.0	435.53660714479173	435.53660714479173
1407000.0	423.5436284672834	423.5436284672834
1408000.0	422.5726389191841	422.5726389191841
1409000.0	433.0120343197321	433.0120343197321
1410000.0	442.0789636647271	442.0789636647271
1411000.0	428.8392947798688	428.8392947798688
1412000.0	428.58774308347006	428.58774308347006
1413000.0	421.08747770364715	421.08747770364715
1414000.0	424.6806421350068	424.6806421350068
1415000.0	428.4790727506256	428.4790727506256
1416000.0	425.73917167345235	425.73917167345235
1417000.0	430.9030248971236	430.9030248971236
1418000.0	430.7289511232168	430.7289511232168
1419000.0	434.3995934770684	434.3995934770684
1420000.0	440.1581149110266	440.1581149110266
1421000.0	437.6103993299009	437.6103993299009
1422000.0	453.30118794447003	453.30118794447003
1423000.0	440.0595066460402	440.0595066460402
1424000.0	429.5084222922904	429.5084222922904
1425000.0	425.8106123552295	425.8106123552295
1426000.0	424.49348767288456	424.49348767288456
1427000.0	430.037687061515	430.037687061515
1428000.0	431.48461241919887	431.48461241919887
1429000.0	429.34642299980953	429.34642299980953
1430000.0	425.8448233859394	425.8448233859394
1431000.0	440.37646178350127	440.37646178350127
1432000.0	442.35164570362764	442.35164570362764
1433000.0	431.25620347886985	431.25620347886985
1434000.0	435.443029913727	435.443029913727
1435000.0	432.72325297226604	432.72325297226604
1436000.0	450.1477358784135	450.1477358784135
1437000.0	435.6845195422714	435.6845195422714
1438000.0	432.4254157637315	432.4254157637315
1439000.0	431.2944393367229	431.2944393367229
1440000.0	444.9718081733127	444.9718081733127
1441000.0	441.03753964163644	441.03753964163644
1442000.0	423.70663396655004	423.70663396655004
1443000.0	434.61995276311467	434.61995276311467
1444000.0	431.856908929868	431.856908929868
1445000.0	438.4515882026576	438.4515882026576
1446000.0	442.7883394485733	442.7883394485733
1447000.0	417.7690077247524	417.7690077247524
1448000.0	424.69271661643273	424.69271661643273
1449000.0	422.9922271487785	422.9922271487785
1450000.0	422.7145140759526	422.7145140759526
1451000.0	434.1118183363882	434.1118183363882
1452000.0	415.5704458982297	415.5704458982297
1453000.0	432.79972468797223	432.79972468797223
1454000.0	437.9847082541416	437.9847082541416
1455000.0	437.38098418278605	437.38098418278605
1456000.0	422.70143338774085	422.70143338774085
1457000.0	441.06269481127777	441.06269481127777
1458000.0	434.1259052313857	434.1259052313857
1459000.0	438.01992549163725	438.01992549163725
1460000.0	448.4230974479038	448.4230974479038
1461000.0	431.545991033118	431.545991033118
1462000.0	439.2807025939884	439.2807025939884
1463000.0	431.06502418960446	431.06502418960446
1464000.0	423.88775118795746	423.88775118795746
1465000.0	434.0091852442585	434.0091852442585
1466000.0	428.12186934173985	428.12186934173985
1467000.0	459.1029762702104	459.1029762702104
1468000.0	431.2924269231477	431.2924269231477
1469000.0	434.24966866601346	434.24966866601346
1470000.0	446.86146451666065	446.86146451666065
1471000.0	444.48882891622753	444.48882891622753
1472000.0	441.978342986169	441.978342986169
1473000.0	441.7841450765499	441.7841450765499
1474000.0	429.264920250178	429.264920250178
1475000.0	442.30032915755913	442.30032915755913
1476000.0	432.5894274697803	432.5894274697803
1477000.0	427.38431976789855	427.38431976789855
1478000.0	445.3108998600577	445.3108998600577
1479000.0	441.9270264401006	441.9270264401006
1480000.0	434.56360518312084	434.56360518312084
1481000.0	424.96640486211174	424.96640486211174
1482000.0	411.0354719155516	411.0354719155516
1483000.0	448.8487229182093	448.8487229182093
1484000.0	440.24062386744754	440.24062386744754
1485000.0	442.39088776826287	442.39088776826287
1486000.0	438.06520479699094	438.06520479699094
1487000.0	437.3689097013565	437.3689097013565
1488000.0	442.4603160364684	442.4603160364684
1489000.0	427.8200073060621	427.8200073060621
1490000.0	442.4089994904036	442.4089994904036
1491000.0	424.2218118407735	424.2218118407735
1492000.0	438.0853289327033	438.0853289327033
1493000.0	442.1403422786499	442.1403422786499
1494000.0	425.771370290587	425.771370290587
1495000.0	438.19802409268726	438.19802409268726
1496000.0	438.627674390136	438.627674390136
1497000.0	427.9085535031942	427.9085535031942
1498000.0	435.7458981561942	435.7458981561942
1499000.0	435.6885443694146	435.6885443694146
1500000.0	422.5746513327557	422.5746513327557
1501000.0	436.27717533899045	436.27717533899045
1502000.0	431.6808227423896	431.6808227423896
1503000.0	429.372584376233	429.372584376233
1504000.0	446.47206249063663	446.47206249063663
1505000.0	443.9162972552245	443.9162972552245
1506000.0	424.62228214143767	424.62228214143767
1507000.0	440.4318031567093	440.4318031567093
1508000.0	428.0574721074633	428.0574721074633
1509000.0	420.5179646629978	420.5179646629978
1510000.0	421.6398852289342	421.6398852289342
1511000.0	430.6736097500088	430.6736097500088
1512000.0	424.9694234824728	424.9694234824728
1513000.0	429.9320353490243	429.9320353490243
1514000.0	439.58658945680935	439.58658945680935
1515000.0	418.44517868467085	418.44517868467085
1516000.0	438.73030748226927	438.73030748226927
1517000.0	429.3423981726663	429.3423981726663
1518000.0	429.7297877851188	429.7297877851188
1519000.0	442.51062637574745	442.51062637574745
1520000.0	434.1279176449573	434.1279176449573
1521000.0	456.9225261658247	456.9225261658247
1522000.0	436.2449767218485	436.2449767218485
1523000.0	440.9660989598629	440.9660989598629
1524000.0	436.31239257648247	436.31239257648247
1525000.0	437.9021992977243	437.9021992977243
1526000.0	441.33336443659937	441.33336443659937
1527000.0	432.2362488880377	432.2362488880377
1528000.0	434.93590169378996	434.93590169378996
1529000.0	430.8225283542779	430.8225283542779
1530000.0	432.0672061480599	432.0672061480599
1531000.0	422.12487689959465	422.12487689959465
1532000.0	428.4780665438398	428.4780665438398
1533000.0	441.1733775576938	441.1733775576938
1534000.0	444.00081862521336	444.00081862521336
1535000.0	434.34123348350295	434.34123348350295
1536000.0	432.7182219383371	432.7182219383371
1537000.0	444.72931233798613	444.72931233798613
1538000.0	441.54869268872034	441.54869268872034
1539000.0	437.0247869806861	437.0247869806861
1540000.0	439.67916048108464	439.67916048108464
1541000.0	420.91944117045153	420.91944117045153
1542000.0	446.6290307491885	446.6290307491885
1543000.0	442.9895808056894	442.9895808056894
1544000.0	434.59681000704126	434.59681000704126
1545000.0	435.89179814010595	435.89179814010595
1546000.0	427.2142708211313	427.2142708211313
1547000.0	432.9576991533099	432.9576991533099
1548000.0	449.4484221624253	449.4484221624253
1549000.0	450.5632992808647	450.5632992808647
1550000.0	434.6843499973912	434.6843499973912
1551000.0	424.9573490010432	424.9573490010432
1552000.0	420.0712088501942	420.0712088501942
1553000.0	439.7485887492902	439.7485887492902
1554000.0	443.80158968166523	443.80158968166523
1555000.0	439.64092462323157	439.64092462323157
1556000.0	432.77356331154874	432.77356331154874
1557000.0	408.62057563012223	408.62057563012223
1558000.0	451.4437302182603	451.4437302182603
1559000.0	433.45979633932154	433.45979633932154
1560000.0	434.552536908477	434.552536908477
1561000.0	440.73970243310185	440.73970243310185
1562000.0	432.4223971433704	432.4223971433704
1563000.0	420.67694533512497	420.67694533512497
1564000.0	438.02093169842306	438.02093169842306
1565000.0	437.8136531005885	437.8136531005885
1566000.0	424.7923310882086	424.7923310882086
1567000.0	435.9511643404535	435.9511643404535
1568000.0	433.4769018546765	433.4769018546765
1569000.0	441.6100713026431	441.6100713026431
1570000.0	426.2241633441091	426.2241633441091
1571000.0	409.9477623803215	409.9477623803215
1572000.0	427.6368776710868	427.6368776710868
1573000.0	432.2513419898247	432.2513419898247
1574000.0	422.27278929707427	422.27278929707427
1575000.0	431.4866248327705	431.4866248327705
1576000.0	423.64726776619887	423.64726776619887
1577000.0	438.8369654015421	438.8369654015421
1578000.0	441.96727471152525	441.96727471152525
1579000.0	428.6159168734688	428.6159168734688
1580000.0	435.05161547413496	435.05161547413496
1581000.0	427.3521211507603	427.3521211507603
1582000.0	443.33470973315286	443.33470973315286
1583000.0	451.10363232473316	451.10363232473316
1584000.0	440.32715765100806	440.32715765100806
1585000.0	442.6172842950203	442.6172842950203
1586000.0	451.08552060258876	451.08552060258876
1587000.0	445.2384529714948	445.2384529714948
1588000.0	427.0703832507912	427.0703832507912
1589000.0	432.58540264264076	432.58540264264076
1590000.0	407.6586419430951	407.6586419430951
1591000.0	411.0143415730535	411.0143415730535
1592000.0	427.07138945757697	427.07138945757697
1593000.0	412.767153793562	412.767153793562
1594000.0	416.7336209423765	416.7336209423765
1595000.0	435.02344168413623	435.02344168413623
1596000.0	430.05579878365575	430.05579878365575
1597000.0	435.6835133354856	435.6835133354856
1598000.0	433.380306003258	433.380306003258
1599000.0	435.32731613338564	435.32731613338564
1600000.0	426.1466854216172	426.1466854216172
1601000.0	432.918457088671	432.918457088671
1602000.0	439.67111082679827	439.67111082679827
1603000.0	426.9999487758035	426.9999487758035
1604000.0	425.69791719524187	425.69791719524187
1605000.0	435.8746926247473	435.8746926247473
1606000.0	437.5148096852718	437.5148096852718
1607000.0	438.20104271304467	438.20104271304467
1608000.0	445.10060264186944	445.10060264186944
1609000.0	441.2951285787463	441.2951285787463
1610000.0	441.6261706112123	441.6261706112123
1611000.0	454.73402640715636	454.73402640715636
1612000.0	437.09220283532005	437.09220283532005
1613000.0	430.7601435335693	430.7601435335693
1614000.0	433.63890114715736	433.63890114715736
1615000.0	438.00181376949655	438.00181376949655
1616000.0	440.81617414880435	440.81617414880435
1617000.0	444.69308889370467	444.69308889370467
1618000.0	440.439852810992	440.439852810992
1619000.0	441.6070526822821	441.6070526822821
1620000.0	429.3283112776688	429.3283112776688
1621000.0	447.08987345699336	447.08987345699336
1622000.0	441.56680441086104	441.56680441086104
1623000.0	437.47053658670393	437.47053658670393
1624000.0	425.41919791563384	425.41919791563384
1625000.0	442.94832632748256	442.94832632748256
1626000.0	437.35884763350214	437.35884763350214
1627000.0	445.05230471615835	445.05230471615835
1628000.0	438.36404821231133	438.36404821231133
1629000.0	440.105792158176	440.105792158176
1630000.0	433.31087773505243	433.31087773505243
1631000.0	429.95920293223725	429.95920293223725
1632000.0	429.49735401764656	429.49735401764656
1633000.0	444.3499723798164	444.3499723798164
1634000.0	431.7824496277371	431.7824496277371
1635000.0	423.23271057053347	423.23271057053347
1636000.0	433.34307635219074	433.34307635219074
1637000.0	433.26761084327035	433.26761084327035
1638000.0	432.67294263298703	432.67294263298703
1639000.0	426.547155722285	426.547155722285
1640000.0	428.21444036601514	428.21444036601514
1641000.0	435.02947892485105	435.02947892485105
1642000.0	431.00968281639643	431.00968281639643
1643000.0	434.7658527470227	434.7658527470227
1644000.0	426.7584591472591	426.7584591472591
1645000.0	439.0854984775835	439.0854984775835
1646000.0	433.81498733463576	433.81498733463576
1647000.0	421.63183557465146	421.63183557465146
1648000.0	441.74087818477153	441.74087818477153
1649000.0	426.78059569654306	426.78059569654306
1650000.0	434.451916229919	434.451916229919
1651000.0	436.42206911611635	436.42206911611635
1652000.0	427.83006937391644	427.83006937391644
1653000.0	429.45408712586817	429.45408712586817
1654000.0	424.7329648878537	424.7329648878537
1655000.0	424.4633014693142	424.4633014693142
1656000.0	416.48408165954936	416.48408165954936
1657000.0	434.873516873085	434.873516873085
1658000.0	414.5300280819248	414.5300280819248
1659000.0	428.1057700331707	428.1057700331707
1660000.0	429.6985953747663	429.6985953747663
1661000.0	430.60418148179957	430.60418148179957
1662000.0	423.56073398263834	423.56073398263834
1663000.0	434.78597688273504	434.78597688273504
1664000.0	441.86262920582766	441.86262920582766
1665000.0	440.9510058580759	440.9510058580759
1666000.0	430.1181836043607	430.1181836043607
1667000.0	438.24632201839466	438.24632201839466
1668000.0	438.23625995054033	438.23625995054033
1669000.0	427.1126439357875	427.1126439357875
1670000.0	444.936590935817	444.936590935817
1671000.0	430.26710220862617	430.26710220862617
1672000.0	431.60636344025505	431.60636344025505
1673000.0	440.9781734412852	440.9781734412852
1674000.0	452.6048928488392	452.6048928488392
1675000.0	441.6301954383518	441.6301954383518
1676000.0	454.8014422617903	454.8014422617903
1677000.0	461.85998286273855	461.85998286273855
1678000.0	450.3036979301832	450.3036979301832
1679000.0	443.26930629208687	443.26930629208687
1680000.0	428.49014102526945	428.49014102526945
1681000.0	440.3613686817179	440.3613686817179
1682000.0	446.37546663921813	446.37546663921813
1683000.0	440.58273417455	440.58273417455
1684000.0	431.0952103931748	431.0952103931748
1685000.0	431.47555655813034	431.47555655813034
1686000.0	429.98335189508913	429.98335189508913
1687000.0	428.02527349032135	428.02527349032135
1688000.0	447.91295060760933	447.91295060760933
1689000.0	444.7776102636972	444.7776102636972
1690000.0	438.8651391915372	438.8651391915372
1691000.0	441.6694375029907	441.6694375029907
1692000.0	427.11767496971646	427.11767496971646
1693000.0	451.1720543861492	451.1720543861492
1694000.0	429.7740608836867	429.7740608836867
1695000.0	423.19749333304145	423.19749333304145
1696000.0	424.9794855503271	424.9794855503271
1697000.0	442.7380291092943	442.7380291092943
1698000.0	426.8138005204671	426.8138005204671
1699000.0	423.623118803347	423.623118803347
1700000.0	424.9231379703333	424.9231379703333
1701000.0	431.18375659030687	431.18375659030687
1702000.0	444.9396095561744	444.9396095561744
1703000.0	449.84788625630733	449.84788625630733
1704000.0	424.74000833535797	424.74000833535797
1705000.0	438.9868902125934	438.9868902125934
1706000.0	420.08127091805216	420.08127091805216
1707000.0	421.30884319647555	421.30884319647555
1708000.0	431.4997055209822	431.4997055209822
1709000.0	435.28404924160355	435.28404924160355
1710000.0	430.70077733322177	430.70077733322177
1711000.0	442.16348503471596	442.16348503471596
1712000.0	420.0762398841232	420.0762398841232
1713000.0	437.7402000052398	437.7402000052398
1714000.0	441.75194645941167	441.75194645941167
1715000.0	442.1443671057931	442.1443671057931
1716000.0	442.8074573774962	442.8074573774962
1717000.0	436.8547380339188	436.8547380339188
1718000.0	431.8559027230822	431.8559027230822
1719000.0	429.39673333908854	429.39673333908854
1720000.0	437.58826278061696	437.58826278061696
1721000.0	434.5233569116925	434.5233569116925
1722000.0	434.59982862739867	434.59982862739867
1723000.0	437.0348490485404	437.0348490485404
1724000.0	444.0380482762806	444.0380482762806
1725000.0	433.8703287078437	433.8703287078437
1726000.0	429.39673333908854	429.39673333908854
1727000.0	438.60553784085573	438.60553784085573
1728000.0	444.96174610545836	444.96174610545836
1729000.0	422.0836224213841	422.0836224213841
1730000.0	447.0214513955736	447.0214513955736
1731000.0	450.0440965794981	450.0440965794981
1732000.0	434.8554051509406	434.8554051509406
1733000.0	450.07730140342215	450.07730140342215
1734000.0	440.4016169531426	440.4016169531426
1735000.0	440.95804930557654	440.95804930557654
1736000.0	455.66376147704517	455.66376147704517
1737000.0	429.64224779477615	429.64224779477615
1738000.0	441.91897678581785	441.91897678581785
1739000.0	422.428751348844	422.428751348844
1740000.0	431.0318193656804	431.0318193656804
1741000.0	428.5505134324028	428.5505134324028
1742000.0	432.4213909365846	432.4213909365846
1743000.0	435.16934166804793	435.16934166804793
1744000.0	431.01471385032545	431.01471385032545
1745000.0	434.798051364161	434.798051364161
1746000.0	428.9620520077145	428.9620520077145
1747000.0	440.7608327756	440.7608327756
1748000.0	443.19082216281276	443.19082216281276
1749000.0	437.0730849063935	437.0730849063935
1750000.0	428.11784451459664	428.11784451459664
1751000.0	431.0750862574625	431.0750862574625
1752000.0	441.7750892154814	441.7750892154814
1753000.0	430.3546421989761	430.3546421989761
1754000.0	435.92600917081216	435.92600917081216
1755000.0	433.2474867075617	433.2474867075617
1756000.0	433.633870113232	433.633870113232
1757000.0	442.9624132224801	442.9624132224801
1758000.0	425.8840654505783	425.8840654505783
1759000.0	426.4877895219338	426.4877895219338
1760000.0	439.12574674900816	439.12574674900816
1761000.0	428.5454823984738	428.5454823984738
1762000.0	439.95385493355315	439.95385493355315
1763000.0	441.15325342198145	441.15325342198145
1764000.0	432.89933915974444	432.89933915974444
1765000.0	431.6355434370396	431.6355434370396
1766000.0	434.56360518312084	434.56360518312084
1767000.0	437.1948359274497	437.1948359274497
1768000.0	446.81719141809646	446.81719141809646
1769000.0	437.82371516844654	437.82371516844654
1770000.0	432.30768956981484	432.30768956981484
1771000.0	441.37160029445613	441.37160029445613
1772000.0	454.60825055895697	454.60825055895697
1773000.0	439.85826528892045	439.85826528892045
1774000.0	435.0496030605597	435.0496030605597
1775000.0	442.0769512511555	442.0769512511555
1776000.0	433.1851018868531	433.1851018868531
1777000.0	439.36522396398095	439.36522396398095
1778000.0	419.2893861777887	419.2893861777887
1779000.0	427.4044439036109	427.4044439036109
1780000.0	432.26643509160436	432.26643509160436
1781000.0	424.59410835144627	424.59410835144627
1782000.0	437.3920524574262	437.3920524574262
1783000.0	448.23694919257105	448.23694919257105
1784000.0	438.7775992011909	438.7775992011909
1785000.0	439.9689480353328	439.9689480353328
1786000.0	429.9682587933094	429.9682587933094
1787000.0	435.05865892163195	435.05865892163195
1788000.0	434.53140656598254	434.53140656598254
1789000.0	431.3135572656458	431.3135572656458
1790000.0	447.22772378661864	447.22772378661864
1791000.0	448.27317263684887	448.27317263684887
1792000.0	434.9479761752159	434.9479761752159
1793000.0	448.06488783223585	448.06488783223585
1794000.0	433.5996590825185	433.5996590825185
1795000.0	429.1864361209003	429.1864361209003
1796000.0	431.3457558827877	431.3457558827877
1797000.0	450.57336134871906	450.57336134871906
1798000.0	444.68805785977565	444.68805785977565
1799000.0	446.8564334827353	446.8564334827353
1800000.0	455.36693047529644	455.36693047529644
1801000.0	432.55119161193085	432.55119161193085
1802000.0	436.10712639222317	436.10712639222317
1803000.0	443.7492669288146	443.7492669288146
1804000.0	426.5360874476449	426.5360874476449
1805000.0	431.32764416064333	431.32764416064333
1806000.0	433.14082878828884	433.14082878828884
1807000.0	419.6797944105985	419.6797944105985
1808000.0	426.9798246400875	426.9798246400875
1809000.0	435.43095543230106	435.43095543230106
1810000.0	438.59044473906874	438.59044473906874
1811000.0	427.63084043037196	427.63084043037196
1812000.0	436.2419581014911	436.2419581014911
1813000.0	427.4567666564615	427.4567666564615
1814000.0	428.6903761756034	428.6903761756034
1815000.0	431.3759420863544	431.3759420863544
1816000.0	435.92399675724056	435.92399675724056
1817000.0	445.6862149910842	445.6862149910842
1818000.0	432.92650674295373	432.92650674295373
1819000.0	429.4047829933749	429.4047829933749
1820000.0	433.92868870140916	433.92868870140916
1821000.0	447.57486512764643	447.57486512764643
1822000.0	450.5632992808647	450.5632992808647
1823000.0	441.5436616547913	441.5436616547913
1824000.0	448.14639058186367	448.14639058186367
1825000.0	435.6905567829862	435.6905567829862
1826000.0	439.88140804498653	439.88140804498653
1827000.0	434.9892306534264	434.9892306534264
1828000.0	435.66741402691645	435.66741402691645
1829000.0	427.97798177139975	427.97798177139975
1830000.0	442.1976960654259	442.1976960654259
1831000.0	433.7053107950055	433.7053107950055
1832000.0	423.64726776619887	423.64726776619887
1833000.0	447.7056720097748	447.7056720097748
1834000.0	441.98538643366965	441.98538643366965
1835000.0	451.652015022877	451.652015022877
1836000.0	447.1965313762625	447.1965313762625
1837000.0	436.31138636969666	436.31138636969666
1838000.0	438.1799123705502	438.1799123705502
1839000.0	449.63054559061845	449.63054559061845
1840000.0	449.8458738427357	449.8458738427357
1841000.0	436.2530263761349	436.2530263761349
1842000.0	429.66740296441384	429.66740296441384
1843000.0	420.79467152903794	420.79467152903794
1844000.0	421.650953503578	421.650953503578
1845000.0	433.92567008105175	433.92567008105175
1846000.0	435.2910926891041	435.2910926891041
1847000.0	437.7150448356021	437.7150448356021
1848000.0	445.58358189895824	445.58358189895824
1849000.0	429.41987609515826	429.41987609515826
1850000.0	441.52454372586476	441.52454372586476
1851000.0	428.61390445989724	428.61390445989724
1852000.0	442.0437464272314	442.0437464272314
1853000.0	426.08933163483755	426.08933163483755
1854000.0	433.41351082718575	433.41351082718575
1855000.0	427.6308404303683	427.6308404303683
1856000.0	442.21077675364126	442.21077675364126
1857000.0	437.1032711099602	437.1032711099602
1858000.0	446.7960610755983	446.7960610755983
1859000.0	447.32532584482294	447.32532584482294
1860000.0	439.90756942141735	439.90756942141735
1861000.0	427.30482943183864	427.30482943183864
1862000.0	444.3539972069596	444.3539972069596
1863000.0	431.32965657421494	431.32965657421494
1864000.0	430.4602939114631	430.4602939114631
1865000.0	420.8630935904577	420.8630935904577
1866000.0	420.0822771248343	420.0822771248343
1867000.0	433.5594108110938	433.5594108110938
1868000.0	429.8555636333181	429.8555636333181
1869000.0	426.8067570729665	426.8067570729665
1870000.0	438.87922608653474	438.87922608653474
1871000.0	446.6139376474051	446.6139376474051
1872000.0	434.68837482453443	434.68837482453443
1873000.0	423.572808464068	423.572808464068
1874000.0	437.0127124992565	437.0127124992565
1875000.0	435.0475906469918	435.0475906469918
1876000.0	427.3692266661152	427.3692266661152
1877000.0	435.67244506084177	435.67244506084177
1878000.0	444.0400606898522	444.0400606898522
1879000.0	439.1599577797144	439.1599577797144
1880000.0	437.1062897303176	437.1062897303176
1881000.0	440.91075758665494	440.91075758665494
1882000.0	438.9969522804477	438.9969522804477
1883000.0	432.30768956981484	432.30768956981484
1884000.0	430.5116104575316	430.5116104575316
1885000.0	431.6898786034581	431.6898786034581
1886000.0	431.24111037708286	431.24111037708286
1887000.0	433.73851561893326	433.73851561893326
1888000.0	427.37325149325477	427.37325149325477
1889000.0	448.5186870925365	448.5186870925365
1890000.0	442.2148015807808	442.2148015807808
1891000.0	437.8378020634477	437.8378020634477
1892000.0	454.3003512825644	454.3003512825644
1893000.0	432.9959350111593	432.9959350111593
1894000.0	435.9984560593788	435.9984560593788
1895000.0	432.72325297226604	432.72325297226604
1896000.0	431.50373034812174	431.50373034812174
1897000.0	441.27500444303763	441.27500444303763
1898000.0	445.78884808321754	445.78884808321754
1899000.0	443.6959379691782	443.6959379691782
1900000.0	431.13545866459583	431.13545866459583
1901000.0	434.29092314422394	434.29092314422394
1902000.0	429.3333423115978	429.3333423115978
1903000.0	419.3135351406405	419.3135351406405
1904000.0	425.30952137600366	425.30952137600366
1905000.0	430.32344978862363	430.32344978862363
1906000.0	436.113163632938	436.113163632938
1907000.0	436.3687401564763	436.3687401564763
1908000.0	438.0400496273496	438.0400496273496
1909000.0	436.3184298171973	436.3184298171973
1910000.0	432.9858729433049	432.9858729433049
1911000.0	451.23242679328627	451.23242679328627
1912000.0	421.0120121947268	421.0120121947268
1913000.0	431.93841167950313	431.93841167950313
1914000.0	426.2422750662462	426.2422750662462
1915000.0	418.6806310725005	418.6806310725005
1916000.0	428.3231106988596	428.3231106988596
1917000.0	430.3516235786187	430.3516235786187
1918000.0	429.20555404982315	429.20555404982315
1919000.0	424.6363690364389	424.6363690364389
1920000.0	442.4442167278993	442.4442167278993
1921000.0	431.50674896847914	431.50674896847914
1922000.0	429.3514540337385	429.3514540337385
1923000.0	424.7722069524926	424.7722069524926
1924000.0	411.1622539705368	411.1622539705368
1925000.0	422.89160647022044	422.89160647022044
1926000.0	420.3690460587324	420.3690460587324
1927000.0	425.69590478167027	425.69590478167027
1928000.0	438.3559985580249	438.3559985580249
1929000.0	425.6918799545271	425.6918799545271
1930000.0	442.2319070961394	442.2319070961394
1931000.0	439.0673867554427	439.0673867554427
1932000.0	432.444533692658	432.444533692658
1933000.0	431.6456055048939	431.6456055048939
1934000.0	448.40397951898086	448.40397951898086
1935000.0	442.52773189110604	442.52773189110604
1936000.0	431.77439997345067	431.77439997345067
1937000.0	444.5793875269312	444.5793875269312
1938000.0	438.622643356207	438.622643356207
1939000.0	454.4663754021885	454.4663754021885
1940000.0	464.8614977041686	464.8614977041686
1941000.0	438.6749661090576	438.6749661090576
1942000.0	433.17403361221295	433.17403361221295
1943000.0	433.05027017758516	433.05027017758516
1944000.0	429.7458870936916	429.7458870936916
1945000.0	441.5436616547913	441.5436616547913
1946000.0	439.942786658913	439.942786658913
1947000.0	437.22904695815953	437.22904695815953
1948000.0	437.8860999891551	437.8860999891551
1949000.0	442.70079945822334	442.70079945822334
1950000.0	436.35968429540776	436.35968429540776
1951000.0	440.166164565313	440.166164565313
1952000.0	425.85387924700797	425.85387924700797
1953000.0	429.54867056371506	429.54867056371506
1954000.0	442.19467744506846	442.19467744506846
1955000.0	446.12793976996255	446.12793976996255
1956000.0	446.4871555924199	446.4871555924199
1957000.0	427.2826928825547	427.2826928825547
1958000.0	434.9660878973603	434.9660878973603
1959000.0	435.00834858234924	435.00834858234924
1960000.0	444.01691793378615	444.01691793378615
1961000.0	424.51864284252224	424.51864284252224
1962000.0	433.335026697908	433.335026697908
1963000.0	452.2205218567405	452.2205218567405
1964000.0	446.9178120966545	446.9178120966545
1965000.0	428.8775306377219	428.8775306377219
1966000.0	440.3412445460056	440.3412445460056
1967000.0	432.2795157798161	432.2795157798161
1968000.0	438.68502817691564	438.68502817691564
1969000.0	429.22165335839594	429.22165335839594
1970000.0	421.13476942256875	421.13476942256875
1971000.0	441.21161341554324	441.21161341554324
1972000.0	436.7832973521417	436.7832973521417
1973000.0	430.32747461576315	430.32747461576315
1974000.0	431.0549621217501	431.0549621217501
1975000.0	437.65165380811135	437.65165380811135
1976000.0	432.1094668330525	432.1094668330525
1977000.0	430.022593959728	430.022593959728
1978000.0	425.9716054409246	425.9716054409246
1979000.0	428.8694809834355	428.8694809834355
1980000.0	431.7351579088118	431.7351579088118
1981000.0	436.96139595319164	436.96139595319164
1982000.0	433.17403361220926	433.17403361220926
1983000.0	431.81162962451793	431.81162962451793
1984000.0	432.6870295279846	432.6870295279846
1985000.0	420.83995083438793	420.83995083438793
1986000.0	423.3866602087279	423.3866602087279
1987000.0	430.3204311682662	430.3204311682662
1988000.0	429.4782360887237	429.4782360887237
1989000.0	449.09524358068273	449.09524358068273
1990000.0	437.6617158759657	437.6617158759657
1991000.0	440.09472388353583	440.09472388353583
1992000.0	443.13447458281894	443.13447458281894
1993000.0	440.52135556062717	440.52135556062717
1994000.0	447.6302065008581	447.6302065008581
1995000.0	443.5530566056239	443.5530566056239
1996000.0	443.9907565573554	443.9907565573554
1997000.0	434.85138032380104	434.85138032380104
1998000.0	426.9959239486603	426.9959239486603
1999000.0	432.11449786698154	432.11449786698154
2000000.0	417.6553063579826	417.6553063579826
