0	482.26686268139315
1000	485.16272581033616
2000	495.02757713630945
3000	489.1412674405766
4000	494.7146468259879
5000	475.14090622581097
6000	489.86271770584875
7000	494.73678337527184
8000	510.1579085713015
9000	479.13152233747735
10000	469.8784447371496
11000	478.9011009835768
12000	487.9177199892928
13000	491.96870850809984
14000	486.09044846665336
15000	490.4704666043475
16000	484.6354734546831
17000	493.27174629544356
18000	490.85483759644256
19000	504.753571925868
20000	484.02873076297016
21000	498.32391056591666
22000	496.39803077829083
23000	506.9782951288215
24000	496.2219445908088
25000	506.5164462142308
26000	500.66837237635474
27000	497.46159135066176
28000	502.46243907507005
29000	495.2036633237842
30000	498.0331168048827
31000	494.9058261152533
32000	500.33229930996345
33000	500.12401450534674
34000	507.35059163949063
35000	497.0792327721347
36000	490.25614455901604
37000	509.067180415714
38000	500.4872551549473
39000	496.64958247468957
40000	497.64773960599814
41000	489.48840878160803
42000	488.30309718817364
43000	498.3400098744858
44000	496.5409121418451
45000	496.2521307943755
46000	495.8023563612181
47000	496.1927645940279
48000	507.9865143279844
49000	496.3638197475773
50000	512.1270552507058
51000	502.4312466647139
52000	499.1892484015289
53000	494.36951789852804
54000	525.3757799966398
55000	507.9351977819196
56000	503.7171789367064
57000	505.6641890668303
58000	503.76245824205637
59000	509.41230934317383
60000	513.9472833258519
61000	508.3930218693671
62000	520.2431191833175
63000	494.9269564577478
64000	489.6473894537315
65000	497.9234402652488
66000	509.19798729784236
67000	502.31855150472626
68000	513.2157709927253
69000	495.6292887940934
70000	499.49010423042455
71000	509.6759355210022
72000	488.4580530331575
73000	483.4089073830419
74000	478.48754999469713
75000	487.8030124157335
76000	491.08626515712893
77000	491.2764382396085
78000	499.0634725533296
79000	489.8737859804889
80000	486.3631305055466
81000	486.53217324552804
82000	500.12703312570414
83000	491.1476437710554
84000	482.97523225845356
85000	498.44063055304747
86000	489.96031976405305
87000	504.26858025521125
88000	488.5516302642186
89000	490.7139686464598
90000	498.4305684851895
91000	494.7770316466929
92000	503.47065827423296
93000	497.9113657838229
94000	499.34722286686656
95000	485.4505009510127
96000	500.1692938107004
97000	496.28231699794213
98000	496.3155218218699
99000	473.54808088421174
100000	485.3116444146016
101000	489.2267950173513
102000	501.6695481280207
103000	492.2323346859245
104000	481.6299337861099
105000	495.4723205355379
106000	491.1305382556968
107000	474.03910979557963
108000	494.6502495917114
109000	499.3854587247196
110000	502.14347152403366
111000	482.8393943423962
112000	493.3331249093664
113000	484.6193741461103
114000	488.9168833273908
115000	484.3668162429258
116000	503.88622167668416
117000	500.64522962028497
118000	494.95714266131813
119000	502.2068625515281
120000	493.6259310839756
121000	506.42085656959813
122000	491.4223382235203
123000	500.5667454910072
124000	493.96200415036327
125000	501.2529785187837
126000	485.8077043599021
127000	498.69318845622837
128000	488.2859916728223
129000	499.18220495402835
130000	495.07889368237426
131000	501.78023087443677
132000	498.1679485141506
133000	518.3735869756819
134000	504.9034967369193
135000	491.2965623753209
136000	503.85804788668906
137000	491.5772940685005
138000	495.14228470986507
139000	501.4250398791189
140000	488.8605357473933
141000	506.2276648667648
142000	514.3115301822382
143000	495.1734771202175
144000	488.7760143774044
145000	501.26203437985225
146000	520.5771798361335
147000	504.4124678255514
148000	495.9291384161996
149000	486.0371195070133
150000	486.76963804692923
151000	496.153522529389
152000	489.95730114369564
153000	502.39099839328924
154000	486.25949120663483
155000	488.138079275339
156000	491.3971830538789
157000	485.06512375213185
158000	486.6961849515805
159000	484.57308863397446
160000	496.87094796751796
161000	493.53839109362565
162000	486.8702587254873
163000	482.9611453634524
164000	494.2004751585466
165000	500.67541582385167
166000	486.18301949092864
167000	491.80771542240115
168000	487.194257310449
169000	493.0121449447621
170000	491.74935542883935
171000	491.5410706242227
172000	498.8441194740691
173000	501.51559848982623
174000	505.014179483339
175000	497.36499549924696
176000	509.78158723348923
177000	506.5405951770864
178000	505.1570608468933
179000	500.49228618887634
180000	499.9750959010776
181000	496.7361162582464
182000	504.6589884880211
183000	509.3298003867565
184000	501.3203943734213
185000	489.37470741483463
186000	502.97661074250766
187000	508.9725969778671
188000	502.50369355327683
189000	494.6351564899243
190000	499.29188149365854
191000	488.5284875081489
192000	505.08260154475875
193000	498.4959719262555
194000	502.1515211783201
195000	512.8223441395545
196000	500.1692938106968
197000	514.2350584665285
198000	513.3928633869896
199000	509.46261968245284
200000	505.1168125754686
201000	491.9505967859591
202000	490.35173420364873
203000	495.1744833270033
204000	492.93265460869856
205000	503.80170030669524
206000	495.62425776016437
207000	502.31251426401514
208000	483.8526445754918
209000	495.2640357309212
210000	500.02842486071404
211000	490.095151473321
212000	493.3351373229343
213000	486.23836086413667
214000	502.346725294725
215000	503.4354410367373
216000	487.5112124479101
217000	502.8468100671651
218000	492.6529291223047
219000	497.99387474024013
220000	512.9702565370378
221000	496.01567219976374
222000	495.8073873951434
223000	492.66600981051647
224000	495.0376392041638
225000	490.8789865592981
226000	503.2533176085477
227000	505.2023401522433
228000	488.5476054370754
229000	499.6209111125456
230000	488.5063509588649
231000	496.5399059350557
232000	501.410952984125
233000	517.3412188136633
234000	487.5534731329064
235000	488.4882392367242
236000	499.15604357760486
237000	499.15503737081536
238000	494.47013857708976
239000	492.2273036519992
240000	513.1342682430902
241000	499.57160698005606
242000	499.69838903503756
243000	500.095840715348
244000	502.4473459732867
245000	510.51611818696944
246000	505.7205366468278
247000	501.6866536433756
248000	498.21725264664383
249000	495.3586191687681
250000	496.13541080724826
251000	489.00744193809084
252000	495.70173568265636
253000	489.91805907905314
254000	494.7206840667027
255000	483.61719218766217
256000	474.0733208262932
257000	497.1607355217661
258000	485.0339313417757
259000	501.01450751059673
260000	488.83135575061243
261000	484.28028245936895
262000	481.02419730118277
263000	503.35293208032
264000	492.3973525987628
265000	498.80890223657343
266000	494.1401027514133
267000	499.7034200689666
268000	510.2192871852207
269000	480.32890841233774
270000	481.00105454511305
271000	489.8033515054976
272000	495.9462439315545
273000	504.2876981841378
274000	499.3240801108005
275000	495.8144308426403
276000	501.40692815698185
277000	502.4463397664972
278000	515.8359334624104
279000	501.2248047287886
280000	502.60028940469533
281000	500.0244000335745
282000	494.0455193135664
283000	496.3909873307866
284000	495.6272763805218
285000	512.0646704300008
286000	488.8072067877569
287000	496.1072370172532
288000	491.8167712834733
289000	480.47581460303525
290000	500.7086206477794
291000	483.49845978695976
292000	488.900784018818
293000	496.1746528718835
294000	495.05474471951874
295000	497.5420878935111
296000	502.452377007212
297000	496.78340797716805
298000	503.9747678738199
299000	497.6638389145673
300000	504.8280312280026
301000	519.3989116902034
302000	506.7317744663481
303000	488.7810454113334
304000	496.89710934394145
305000	502.9333438507292
306000	512.0676890503582
307000	503.30865898175574
308000	507.33247991734993
309000	494.42184065137866
310000	485.6950091999145
311000	510.5543540448225
312000	505.297929796876
313000	504.15487888843785
314000	492.99101460226393
315000	493.49814282220467
316000	489.08592606737227
317000	490.42518729899746
318000	490.0549032018963
319000	500.4550565378054
320000	493.4307269675707
321000	509.950629973467
322000	494.06765586284666
323000	508.5288597854208
324000	487.44983383399097
325000	503.1043990042786
326000	500.2145731160468
327000	504.4265547205489
328000	506.6371910285012
329000	496.8075569400236
330000	486.3752049869762
331000	502.04888808618676
332000	498.3792519391247
333000	491.7121257777721
334000	503.97577408060204
335000	498.22228368056915
336000	499.40759527399996
337000	491.40523270816533
338000	506.369540023537
339000	501.85066534942445
340000	495.9301446229854
341000	500.12502071213254
342000	515.785623123135
343000	500.05659865070913
344000	498.7284056937277
345000	492.4547063855387
346000	492.5905443015961
347000	499.6500911093338
348000	484.26015832365295
349000	490.96451413607645
350000	497.60044788707654
351000	490.4885783264882
352000	491.851988520969
353000	501.96637912976945
354000	500.08376623392206
355000	508.0096570840542
356000	498.5764684691012
357000	500.41983930031336
358000	481.6973496407475
359000	497.53101961886733
360000	492.84813323870964
361000	488.79311989275936
362000	502.8065617957441
363000	496.44733491078404
364000	490.33261627472217
365000	509.29257073568925
366000	494.15418964641077
367000	498.95480222048144
368000	502.5660783739855
369000	487.83319861930386
370000	508.18674947832204
371000	506.74988618848886
372000	497.515926517084
373000	507.36165991413077
374000	508.08009155904557
375000	486.604620134091
376000	496.8367369368081
377000	497.1536920742692
378000	505.88656076644816
379000	506.78007239205556
380000	501.0114888902393
381000	493.8402531293071
382000	495.9583184129841
383000	486.08742984629595
384000	495.2227812527144
385000	492.36314156805287
386000	494.8343854334725
387000	513.8637681626451
388000	510.1750140866528
389000	485.9707098591688
390000	497.36398929246116
391000	483.68460804229613
392000	487.0694876690354
393000	497.58535478528955
394000	503.6034775699329
395000	502.8276921382422
396000	487.97909860321556
397000	503.51392516601504
398000	495.25900469699224
399000	498.1699609277222
400000	491.16474928640673
401000	500.10791519677764
402000	494.8867081863231
403000	493.5977572939769
404000	503.468645860665
405000	495.57394742088536
406000	501.1060723280862
407000	493.85937105823365
408000	492.1095774580825
409000	493.80604209859723
410000	500.18036208534056
411000	492.8441084115664
412000	494.9772667970268
413000	489.84259357013644
414000	506.2135779717673
415000	491.5662257938604
416000	498.91153532870305
417000	484.09916523796153
418000	493.4840559272034
419000	498.4305684851895
420000	487.743646215386
421000	505.47602839792233
422000	497.36700791281856
423000	511.1490222551095
424000	496.7703272889563
425000	504.53623126017914
426000	509.98282859060527
427000	496.1927645940279
428000	499.27779459866105
429000	484.197773502948
430000	482.5063398963623
431000	484.1434383365294
432000	488.8182750624007
433000	484.59723759683004
434000	491.7141381913437
435000	494.16324550747936
436000	497.67993822313645
437000	495.84864187335387
438000	503.4444968978095
439000	495.4179853691157
440000	515.7624803670653
441000	491.2593327242536
442000	498.8672622301388
443000	497.2080272406914
444000	514.5027094714964
445000	511.5082380775706
446000	507.11715166523265
447000	511.6873428854027
448000	514.7441991000408
449000	512.2327069631965
450000	504.69823055266
451000	503.591403088507
452000	501.5588653816047
453000	493.1560325151022
454000	492.5965815423109
455000	475.8935489014319
456000	497.593404439576
457000	495.2982467616311
458000	490.89810448822465
459000	489.372695001263
460000	509.8017113691979
461000	497.987837499529
462000	517.0011209201325
463000	502.41615356293056
464000	505.7587725046772
465000	511.9539876835884
466000	510.1699830527238
467000	488.05355790534645
468000	519.2439558452194
469000	510.5815216280355
470000	477.92910522869164
471000	489.2418881191346
472000	494.32725721353546
473000	490.75220450431294
474000	491.390139606382
475000	482.2568006135352
476000	498.3369912541284
477000	502.7643011107478
478000	498.2575009180648
479000	485.1144278846287
480000	478.6404934261058
481000	500.17935587855476
482000	499.8613945343042
483000	484.5348527761214
484000	477.8948941979818
485000	500.2638772485437
486000	491.3549223688863
487000	490.47650384505863
488000	495.59608397016933
489000	497.7403106302698
490000	495.7148163708681
491000	503.3992175924558
492000	484.7773486114516
493000	500.9511164831059
494000	486.8833394137027
495000	495.38377433840947
496000	489.70071841336426
497000	496.4161425004279
498000	498.8119208569308
499000	497.82684441383395
500000	493.57058971076395
501000	501.3475619566269
502000	510.9246381419237
503000	516.3611734044919
504000	497.03999070749944
505000	507.77017986908504
506000	498.8924173997765
507000	495.34755089412795
508000	500.8364089095467
509000	497.07722035856307
510000	510.98199192870334
511000	495.3213895177008
512000	505.86744283752165
513000	497.3730451535297
514000	501.0728675041621
515000	490.9051479357252
516000	507.0457109834555
517000	494.4761758178046
518000	492.42351397518627
519000	491.7906099070498
520000	498.45974848197034
521000	493.8221414071663
522000	490.6556086528981
523000	501.21574886771646
524000	491.46359270172707
525000	514.1626115779692
526000	504.7072864137322
527000	501.5991136530257
528000	503.697054800994
529000	486.65291805980206
530000	508.16662534260604
531000	490.11225698867594
532000	495.72185981836867
533000	493.8865386414429
534000	500.85753925204483
535000	487.550454512549
536000	497.5944106463617
537000	490.18671629081047
538000	496.8890596896587
539000	482.26585647460735
540000	500.8082351195516
541000	495.47332674232734
542000	486.248422931991
543000	506.4641234613802
544000	501.8496591426423
545000	502.3759052915059
546000	487.4820324511292
547000	483.45016186124866
548000	508.00060122298567
549000	503.3066465681805
550000	501.4290647062621
551000	493.8251600275201
552000	482.1581923485451
553000	484.7159699975288
554000	507.55787023732154
555000	501.7138212265849
556000	506.84849445347896
557000	508.4322639340023
558000	495.82549911728415
559000	502.9423997117978
560000	498.93367187798697
561000	495.5850156955292
562000	494.7126344124163
563000	510.3209140705645
564000	488.5476054370754
565000	494.23166756889907
566000	496.11126184439274
567000	503.5420989560138
568000	487.4357469389934
569000	483.4592177223245
570000	491.58333130921534
571000	503.5018506845891
572000	488.42786682959087
573000	499.12283875368075
574000	493.44481386256456
575000	488.0847503157026
576000	489.2318260512803
577000	500.2668958689011
578000	483.2448956769894
579000	488.27894822532176
580000	483.22376533449494
581000	502.8850459250182
582000	477.12816462735594
583000	480.65693182444267
584000	495.52464328839216
585000	489.1674288170001
586000	484.74011896038434
587000	502.87599006394595
588000	487.9187261960822
589000	488.1893958214038
590000	499.5555076714869
591000	504.1931147462909
592000	486.325900854483
593000	498.63583466945244
594000	494.9772667970268
595000	493.914712431438
596000	509.4485327874553
597000	488.75387782812413
598000	495.5105563933946
599000	494.24877308425766
600000	496.17867769903035
601000	509.5813520831516
602000	496.82063762823896
603000	506.72573722563334
604000	488.56974198635936
605000	501.82148535264355
606000	495.4904322576823
607000	492.24642158092206
608000	488.7679647231217
609000	491.1738051474789
610000	506.0213924757198
611000	495.5397363901755
612000	493.24558491902013
613000	493.751706932175
614000	496.48053973470445
615000	482.21554613532834
616000	480.9517504126198
617000	489.9613259708352
618000	485.7221767831238
619000	488.0253841153514
620000	480.351044961618
621000	484.3587665886467
622000	480.28664772734146
623000	482.88266123417463
624000	473.163709892113
625000	491.1305382556968
626000	476.30005644281096
627000	486.6418497851583
628000	495.8979460058471
629000	487.41964763042057
630000	498.4728291701858
631000	493.14295182689045
632000	497.4797030728025
633000	512.7800834545582
634000	499.5092221593474
635000	504.15387268165205
636000	497.3307844685334
637000	499.5756318071956
638000	506.9581709931055
639000	507.94224122942023
640000	504.90953397763406
641000	513.0849641105933
642000	495.30025917520635
643000	496.60732178968965
644000	503.75138996741623
645000	499.10573323832585
646000	499.6299669736178
647000	503.5280120610126
648000	489.3555894859117
649000	513.230864094505
650000	494.59692063207126
651000	509.09937903285226
652000	503.42135414173976
653000	499.68933317396903
654000	503.2543238153299
655000	493.452863516851
656000	483.56990046873693
657000	509.36904245139175
658000	498.6760829408771
659000	493.0835856265393
660000	515.3388673103277
661000	493.34016835686333
662000	496.6515948882612
663000	497.92746509239197
664000	501.3445433362732
665000	494.03344483214045
666000	494.3131703185342
667000	492.9205801272689
668000	498.6640084594475
669000	481.1851903868778
670000	495.209700564499
671000	493.6561172875423
672000	506.7116503306358
673000	480.50700701338405
674000	489.683612898013
675000	487.3019214365076
676000	489.99151217440556
677000	491.78457266633507
678000	491.4334064981604
679000	493.914712431438
680000	498.14078093093764
681000	509.68599758885284
682000	498.2051781652142
683000	510.3863175116305
684000	515.386159029253
685000	519.5025509891187
686000	504.76665261407976
687000	511.4589339450737
688000	507.9201046801363
689000	487.4246786643533
690000	505.4257180586433
691000	512.0415276739311
692000	506.3152048571148
693000	505.7688345725352
694000	494.747851649912
695000	503.72422238420694
696000	510.9025015926398
697000	512.7297731152792
698000	483.7107694187196
699000	504.51409471089886
700000	489.0637895180883
701000	493.6993841793207
702000	501.9382053397744
703000	495.6363322415903
704000	482.16624200283513
705000	494.52547995029414
706000	498.70626914444375
707000	509.5743086356547
708000	491.41529477601966
709000	486.67706702265394
710000	501.6202439955275
711000	492.0492050509492
712000	499.66518421111715
713000	497.88017337347037
714000	498.81695189085616
715000	488.951094358097
716000	499.05039186511783
717000	487.3532379825761
718000	486.670023575157
719000	501.1473268062967
720000	502.24006737545216
721000	485.6094816231398
722000	494.0183517303571
723000	495.84461704621066
724000	502.0247391233349
725000	483.2660260194875
726000	504.17198440379275
727000	492.8903939237059
728000	501.7148274333707
729000	496.40909905292733
730000	498.46377330911355
731000	506.1280503949926
732000	510.6911981676657
733000	514.4091322404353
734000	504.95783190334515
735000	505.7114807857556
736000	506.5798372417253
737000	502.5006749329231
738000	498.1739857548654
739000	511.1017305361879
740000	510.2856968330725
741000	517.0524374661974
742000	504.0904816541613
743000	496.7320914311069
744000	506.6422220624302
745000	493.29589525829914
746000	494.3654930713885
747000	490.7340927821722
748000	487.6641558793224
749000	495.6403570687335
750000	502.03781981155026
751000	480.65190079051365
752000	488.5093695792223
753000	486.21320569449534
754000	487.05137594689467
755000	485.33579337745715
756000	504.36215748627234
757000	477.9945086697577
758000	484.125326614385
759000	482.29101164424867
760000	490.9343279325061
761000	484.431213477206
762000	491.3046120296073
763000	494.1612330939114
764000	504.17802164450757
765000	508.85889561109366
766000	502.09416739154045
767000	506.62511654707527
768000	502.0659936015417
769000	499.8080655746678
770000	481.123811772955
771000	497.099356907847
772000	487.60680209254645
773000	504.7022553798032
774000	491.5702506210036
775000	489.35055845198275
776000	490.5419072861246
777000	503.59341550207495
778000	493.8181165800195
779000	502.5680907875571
780000	502.7643011107478
781000	477.87879488941263
782000	494.91588818310396
783000	498.3017740166364
784000	492.0310933288084
785000	494.61905718135887
786000	500.50234825673067
787000	495.927126002628
788000	491.4706361492277
789000	496.4664528397069
790000	494.3644868646027
791000	504.8682794994236
792000	513.7923274808679
793000	501.40994677733556
794000	500.934010967751
795000	500.18036208534056
796000	521.1356246021427
797000	494.19946895176446
798000	499.5776442207672
799000	494.9269564577478
800000	515.965734137753
801000	495.9814611690502
802000	500.0576048574986
803000	508.88103216038127
804000	499.7235442046789
805000	499.98616417571776
806000	491.7906099070498
807000	504.6972243458742
808000	509.6256251817195
809000	493.9660289775028
810000	521.3670521628254
811000	501.9804660247707
812000	496.07101357296807
813000	496.53286248755876
814000	496.572104552194
815000	515.8077596724153
816000	491.5239651088641
817000	503.21105692355144
818000	492.8350525504979
819000	507.5135971387573
820000	512.8012137970563
821000	494.0616186221392
822000	492.0884471155844
823000	504.8692857062131
824000	511.4378036025755
825000	497.02389139892665
826000	497.46460997101553
827000	494.96921714274407
828000	491.75036163562515
829000	483.08189017772276
830000	500.7116392681331
831000	495.3968550266212
832000	495.6343198280224
833000	489.9039721840556
834000	484.6394982818263
835000	483.54273288552764
836000	482.6814198770549
837000	496.11729908510756
838000	487.5021565868416
839000	477.58900733516083
840000	503.38814931781565
841000	498.9095229151351
842000	503.9164078802508
843000	494.9822978309558
844000	495.10706747236935
845000	486.4999746283898
846000	504.53623126018283
847000	504.39536231019645
848000	515.0510921696512
849000	498.9608394611999
850000	496.0468646101162
851000	502.7149969782546
852000	495.19058263557247
853000	502.69688525611383
854000	504.61370918267113
855000	509.14968937213496
856000	490.22797076902094
857000	495.1724709134317
858000	494.0123144896423
859000	484.7582306825251
860000	499.0815842754703
861000	493.15804492867017
862000	492.7364442855078
863000	502.397035634004
864000	478.5851520528978
865000	494.72672130741387
866000	497.45253548959323
867000	496.70693626146556
868000	494.02338276428605
869000	499.8000159203851
870000	508.27127084830727
871000	489.7540473730043
872000	494.5848461506453
873000	494.7005599309904
874000	483.287156361982
875000	484.4181327889942
876000	480.4174546094662
877000	472.67268098074146
878000	477.65742939658423
879000	491.50786580029865
880000	491.50987821386656
881000	501.8476467290707
882000	491.28851272103816
883000	492.95378495119667
884000	486.2544601727058
885000	510.71937195766077
886000	504.03413407416747
887000	501.8607274172824
888000	503.7292534181323
889000	501.985497058696
890000	492.89542495763123
891000	493.563546263267
892000	494.4721509906577
893000	504.17600923093596
894000	508.1042405218974
895000	497.9455768145327
896000	493.2918704311559
897000	493.25564698687447
898000	503.26639829675946
899000	481.3542331268556
900000	501.1996495591473
901000	489.4853901612506
902000	506.5234896617278
903000	497.38511963495563
904000	490.31450455258147
905000	490.23300180294996
906000	495.4884198441107
907000	494.12500964962624
908000	479.9676801763051
909000	514.3900143115123
910000	492.87932564906214
911000	499.3914959654308
912000	491.8288457649029
913000	505.9489455871568
914000	497.75842235241055
915000	478.4120844857768
916000	486.88233320691324
917000	505.99020006536364
918000	494.3946730681694
919000	502.1253598018966
920000	484.46944933506273
921000	494.6834544156354
922000	497.07017691106614
923000	499.0433484176172
924000	493.44481386256456
925000	485.5209354260077
926000	489.9009535636982
927000	492.30981260841645
928000	509.17081971463307
929000	505.54344425255994
930000	497.23821344426176
931000	487.5454234786236
932000	488.1652468585483
933000	484.2661955643677
934000	496.6888245393248
935000	500.045530376069
936000	491.40523270816533
937000	492.4043960462597
938000	493.229485610451
939000	495.81946187656933
940000	494.5325233977947
941000	499.01114980047527
942000	483.27810050091347
943000	493.8452841632361
944000	501.69369709087624
945000	500.6019627285066
946000	489.10101916915556
947000	495.93416945012854
948000	513.5176330283995
949000	497.4786968660167
950000	490.96954517000546
951000	492.1015278037998
952000	489.2640246684222
953000	502.24509840938117
954000	492.02203746773625
955000	506.32727933853704
956000	505.52030149649386
957000	515.4827548806678
958000	502.407097701862
959000	511.98920492108044
960000	501.2871895494936
961000	502.23805496188055
962000	496.7310852243211
963000	488.32724615102916
964000	490.36280247828887
965000	492.5502960301714
966000	488.5928847424291
967000	494.81627371133175
968000	512.1823966239175
969000	477.07382946093736
970000	497.2442506849766
971000	495.736952920152
972000	493.2506159529491
973000	486.86724010513353
974000	469.79291716037125
975000	486.5251297980311
976000	492.4939484501776
977000	489.4370922355396
978000	499.2606890833061
979000	497.6608202942099
980000	502.22396806687937
981000	491.80670921561534
982000	495.9965542708372
983000	479.9767360373773
984000	507.5629012712505
985000	491.70005129634615
986000	486.65291805980206
987000	497.77754028133705
988000	499.51425319327643
989000	488.7236916245538
990000	498.1840478227197
991000	499.78693523216964
992000	500.56875790457883
993000	498.61470432695427
994000	487.6722055336088
995000	505.1228498161797
996000	506.57178758743885
997000	492.63582360694613
998000	508.5922508129152
999000	492.0552422916603
1000000	499.86441315466163
1001000	488.8062005809711
1002000	492.7475125601479
1003000	492.090459529156
1004000	492.273589164135
1005000	488.4288730363767
1006000	495.4723205355379
1007000	496.43827904971187
1008000	498.2021595448605
1009000	497.5018396220828
1010000	497.36499549924326
1011000	486.65694288694164
1012000	484.5096976064837
1013000	494.91085714917864
1014000	486.43557739411324
1015000	484.4885672639856
1016000	475.07449657795917
1017000	489.6866315183667
1018000	477.56284595873365
1019000	490.0287418254728
1020000	490.444305227924
1021000	492.9457352969103
1022000	505.31906013937413
1023000	499.73763109967643
1024000	494.47315719744347
1025000	481.7667779089494
1026000	476.98025222987627
1027000	493.7074338336071
1028000	488.96920608023777
1029000	492.8109035876424
1030000	503.1376038282027
1031000	489.0466840027297
1032000	500.88772545561517
1033000	492.20114227557207
1034000	496.90113417108466
1035000	493.8000048578824
1036000	479.75335813097365
1037000	480.7595649165723
1038000	494.99235989881015
1039000	475.80701511787146
1040000	483.3616156641202
1041000	494.39668548173734
1042000	496.28734803187115
1043000	489.0275660738032
1044000	508.95649766929796
1045000	494.68848544956074
1046000	499.2234594322388
1047000	509.7755499927744
1048000	499.2788008054468
1049000	487.29286557543907
1050000	491.5380520038653
1051000	487.4246786643533
1052000	501.08695439916335
1053000	491.35894719602584
1054000	502.1122791136812
1055000	483.49745358017395
1056000	491.06815343499187
1057000	503.3569569074632
1058000	503.9113768463255
1059000	497.8761485463235
1060000	506.7579358427753
1061000	516.299794790569
1062000	491.9153795484634
1063000	498.54829467910247
1064000	486.1085601887905
1065000	496.53386869434456
1066000	503.44147827745206
1067000	513.1644544466569
1068000	482.75587917919313
1069000	487.69333587610697
1070000	481.1368924611667
1071000	494.36851169174224
1072000	485.7785243631213
1073000	501.17751300986333
1074000	501.77419363372195
1075000	486.68109184979716
1076000	482.5284764456499
1077000	491.5722630345752
1078000	492.1820243466455
1079000	489.5286570530327
1080000	503.46361482673603
1081000	501.41195919090717
1082000	498.7736849990777
1083000	497.5722740970778
1084000	495.0738626484453
1085000	491.4273692574456
1086000	495.5920591430261
1087000	485.7121147152658
1088000	502.80354317538666
1089000	506.0515786792864
1090000	496.7461783261044
1091000	485.82078504811386
1092000	485.43440164244356
1093000	489.92208390619635
1094000	482.61903505634996
1095000	493.47399385934546
1096000	499.66015317718814
1097000	502.80354317538666
1098000	491.0570851603481
1099000	502.21692461938244
1100000	501.18355025057815
1101000	493.0121449447621
1102000	491.60345544492765
1103000	493.0061077040473
1104000	503.47267068780457
1105000	499.2878566665154
1106000	490.8276700132333
1107000	484.60126242397325
1108000	507.9865143279844
1109000	489.30326673305746
1110000	501.7892867355053
1111000	503.2362120931891
1112000	501.5206295237516
1113000	497.3710327399581
1114000	510.05024444523923
1115000	504.2343692245014
1116000	490.9333217257203
1117000	510.7022664423095
1118000	494.9833040377416
1119000	493.45990696435155
1120000	507.95230329727457
1121000	509.6578237988578
1122000	488.39164338530935
1123000	491.74432439491403
1124000	498.32290435913086
1125000	500.5103979110134
1126000	497.4696410049445
1127000	500.57680755886526
1128000	477.61516871158796
1129000	486.2041498334268
1130000	498.4748415837574
1131000	502.9927100510768
1132000	501.0296006123837
1133000	487.33814488079275
1134000	507.8788502019258
1135000	496.4584031854242
1136000	496.4221797411427
1137000	480.4476408130365
1138000	496.1957832143853
1139000	493.5283290257713
1140000	497.4022251503142
1141000	500.16225036319616
1142000	507.24292751342836
1143000	491.9113547213202
1144000	508.8951190553788
1145000	498.86223119620985
1146000	506.465129668166
1147000	509.6034886324356
1148000	488.98832400916797
1149000	506.87163720954504
1150000	513.2721185727155
1151000	510.56844093982374
1152000	513.6534709444569
1153000	516.3581547841344
1154000	514.1052577911895
1155000	502.8659279960916
1156000	508.2803267093795
1157000	513.3677082173482
1158000	507.38681508377215
1159000	509.22817350140906
1160000	497.9405457806037
1161000	502.04184463868984
1162000	499.1127766858228
1163000	501.8516715562139
1164000	495.72789705907985
1165000	499.67021524504247
1166000	504.04822096916865
1167000	518.6845048724317
1168000	499.8945993582283
1169000	496.49764525006304
1170000	501.4803812523306
1171000	488.5818164677853
1172000	494.56170339457924
1173000	500.2719269028264
1174000	498.9930380783382
1175000	500.76094340062633
1176000	496.93031416786556
1177000	486.24238569127624
1178000	505.96806351607967
1179000	511.1862519061805
1180000	501.5397474526781
1181000	503.1838893403385
1182000	504.708292620518
1183000	510.12269133380585
1184000	495.7560708490786
1185000	507.8355833101474
1186000	504.2383940516446
1187000	508.06801707761963
1188000	497.9667071570309
1189000	494.7055909649157
1190000	508.31453774008935
1191000	516.0411996466734
1192000	506.653290337074
1193000	511.9811552667977
1194000	493.8976069160867
1195000	499.6370104211184
1196000	502.19378186331267
1197000	501.1523578402257
1198000	495.69972326908476
1199000	481.77382135645
1200000	484.7984789539461
1201000	490.18369767045306
1202000	485.91738089953236
1203000	493.48808075434664
1204000	498.55735054017464
1205000	490.40204454292774
1206000	490.95243965464687
1207000	482.7448109045493
1208000	492.2836512319893
1209000	505.40458771614885
1210000	500.5164351517282
1211000	491.58433751600114
1212000	509.2573534981899
1213000	497.1587231081982
1214000	501.64439295838304
1215000	503.9667182195335
1216000	510.7535829883707
1217000	493.0352877008282
1218000	496.96955623250443
1219000	505.6812945821853
1220000	503.74233410634406
1221000	496.23603148580634
1222000	494.18236343640956
1223000	491.82280852418444
1224000	512.8736606856193
1225000	505.25164428474017
1226000	492.1307078005807
1227000	505.0171981036927
1228000	514.6043363568438
1229000	500.3715413746023
1230000	516.4638064966215
1231000	513.5639185405389
1232000	502.28635288759165
1233000	527.216132207491
1234000	514.3487598333019
1235000	502.1354218697509
1236000	488.13204203462425
1237000	513.4200309701988
1238000	503.17684589283795
1239000	504.4476850630507
1240000	484.1132521329591
1241000	499.88252487680234
1242000	495.79430670693165
1243000	489.5699115312432
1244000	486.39231050233116
1245000	502.0368136047608
1246000	485.65677334206146
1247000	482.6069605749203
1248000	510.89143331799966
1249000	483.2509329177042
1250000	503.9657120127477
1251000	499.29490011401595
1252000	494.0767117239225
1253000	506.5808434485074
1254000	500.03244968785725
1255000	506.3363351996129
1256000	493.93886139429355
1257000	479.6346257302749
1258000	489.2932046652031
1259000	491.38410236566716
1260000	492.3651539816245
1261000	503.0138403935749
1262000	504.8853850147822
1263000	504.4054243780544
1264000	492.3772284630504
1265000	498.1860602362877
1266000	487.22243110044406
1267000	505.67022630754514
1268000	497.8852044073957
1269000	508.4976673750683
1270000	503.252311401762
1271000	496.68278729861
1272000	495.5347053562465
1273000	504.59459125374457
1274000	503.22111899140583
1275000	515.3952148903215
1276000	500.1199896782036
1277000	511.64407599362426
1278000	501.2217861084312
1279000	524.8978317734801
1280000	503.2975907071156
1281000	501.2248047287886
1282000	501.72790812158246
1283000	489.89491632298706
1284000	509.5431162253022
1285000	494.48221305851206
1286000	495.42301640304834
1287000	497.99588715381174
1288000	508.85185216359673
1289000	517.2164491722498
1290000	503.3318017378218
1291000	496.92226451358283
1292000	504.2625430145001
1293000	497.0108107107149
1294000	505.01015465619577
1295000	499.0926525501104
1296000	507.71081366873017
1297000	491.0228741296419
1298000	504.5563553958915
1299000	488.0213592882082
1300000	494.4842254720873
1301000	509.4746941638825
1302000	488.7810454113334
1303000	506.32929175211234
1304000	493.17716285759667
1305000	505.1902656708174
1306000	511.0131843390558
1307000	487.36833108435576
1308000	477.31733150304973
1309000	501.14028335879976
1310000	485.37805406244973
1311000	491.0429982653542
1312000	504.09752510166186
1313000	484.6052872511164
1314000	494.10086068677435
1315000	490.52882659790924
1316000	497.2744368885396
1317000	501.28417092913986
1318000	495.3888053723348
1319000	502.5912335436268
1320000	489.322384661984
1321000	503.920432707394
1322000	506.47016070209503
1323000	503.7493775538446
1324000	494.76495716526694
1325000	501.05777440237875
1326000	508.6415549454085
1327000	496.45337215149885
1328000	494.4429709938768
1329000	491.18587962890484
1330000	490.47650384506227
1331000	496.99068657500254
1332000	506.1491807374871
1333000	488.7257040381291
1334000	497.0641396703513
1335000	474.92658418047586
1336000	496.12736115296553
1337000	473.9958429038012
1338000	493.49512420184726
1339000	490.0146549304753
1340000	491.83186438525667
1341000	494.6582992459941
1342000	499.8442890189529
1343000	493.2898580175843
1344000	498.61269191338266
1345000	492.98095253440596
1346000	481.9378330625025
1347000	504.32291542163347
1348000	492.4537001787566
1349000	501.7540694980133
1350000	493.819122786809
1351000	502.38496115257806
1352000	502.8608969621663
1353000	493.95596690964845
1354000	491.84896990061526
1355000	496.4936204229199
1356000	496.43626663614026
1357000	499.990189002861
1358000	495.74600878122425
1359000	485.67186644384475
1360000	505.2697560068809
1361000	512.0214035382187
1362000	496.70593005467975
1363000	502.2038439311707
1364000	494.7508702702694
1365000	509.8469906745479
1366000	500.25180276711404
1367000	500.03244968785725
1368000	508.0307874265523
1369000	506.4138131221012
1370000	517.287889854027
1371000	506.0012683400038
1372000	503.66083135671255
1373000	500.3353179303208
1374000	505.8463124950235
1375000	489.53972532767284
1376000	497.5451065138685
1377000	492.085428495227
1378000	501.15839508094047
1379000	499.7929724728881
1380000	494.7287337209854
1381000	492.09347814950974
1382000	478.25209760686755
1383000	493.796986237525
1384000	502.9051700607305
1385000	504.39737472376805
1386000	493.8895572618003
1387000	487.41159797613784
1388000	502.0669998083275
1389000	496.8417679707371
1390000	498.5513132994599
1391000	483.7771790665714
1392000	481.8734358282222
1393000	488.10588065820076
1394000	492.330942950911
1395000	494.331282040675
1396000	503.9224451209693
1397000	498.0170174963099
1398000	502.6938666357564
1399000	499.9630214196517
1400000	512.8082572445569
1401000	501.03865647345225
1402000	488.41679855494704
1403000	492.90347461191766
1404000	482.35842749888263
1405000	491.6296168213548
1406000	485.3931471642331
1407000	496.21389493652237
1408000	493.8000048578824
1409000	487.00509043475887
1410000	499.09868979082523
1411000	496.37991905614643
1412000	500.2648834553295
1413000	498.34202228805736
1414000	499.56858835969865
1415000	505.541431838992
1416000	491.3891333995962
1417000	508.1626005154628
1418000	505.05945878869267
1419000	501.3837854009121
1420000	497.95262026202965
1421000	500.42587654102454
1422000	506.98533857631844
1423000	499.88956832429926
1424000	492.80486634692755
1425000	497.45857273030435
1426000	505.23051394224206
1427000	499.80303454074243
1428000	513.9050226408556
1429000	498.66300225266167
1430000	478.27524036293727
1431000	488.4550344128001
1432000	499.2123911575987
1433000	498.23637057557033
1434000	497.60547892100186
1435000	494.4721509906577
1436000	487.9650117082144
1437000	513.6112102594606
1438000	498.994044285124
1439000	510.39839199305646
1440000	501.48038125232694
1441000	513.4602792416199
1442000	498.7133125919444
1443000	507.89696192407024
1444000	523.5283843382845
1445000	504.4627781648304
1446000	510.76263884944285
1447000	511.0735567461928
1448000	496.5107259382748
1449000	508.04286190797825
1450000	489.20465846807105
1451000	500.3644979271017
1452000	481.1328676340235
1453000	508.8971314689504
1454000	487.6983669100323
1455000	494.23066136211696
1456000	511.6159022036255
1457000	507.15941235022524
1458000	492.3530795001949
1459000	491.9264478231072
1460000	501.6554612330232
1461000	492.0029195388097
1462000	506.23571452105125
1463000	512.6744317420711
1464000	508.0841163861887
1465000	503.30865898175574
1466000	512.4822462460236
1467000	506.15823659855926
1468000	507.57598195946224
1469000	490.6385031375431
1470000	501.7027529519448
1471000	503.7161727299206
1472000	506.8092523888401
1473000	490.0005680354777
1474000	494.4319027192367
1475000	483.0698156962932
1476000	494.0706744832077
1477000	499.00108773262093
1478000	495.05373851273293
1479000	498.3460471152006
1480000	488.9229205681056
1481000	492.4969670705387
1482000	506.56876896708144
1483000	502.69990387647124
1484000	499.3844525179339
1485000	504.1136244102274
1486000	498.48892847875493
1487000	487.61183312647177
1488000	508.7965107903887
1489000	485.5843264534985
1490000	491.69602646920293
1491000	508.58822598577206
1492000	509.5048803674455
1493000	509.10441006678127
1494000	502.8629093757342
1495000	492.5794760269523
1496000	503.25130519497617
1497000	490.33060386115056
1498000	506.8635875552586
1499000	501.9844908519102
1500000	509.46060726888123
1501000	503.458583792807
1502000	506.2799876196191
1503000	507.87784399514004
1504000	499.64707248897275
1505000	519.1201924105917
1506000	508.0368246672635
1507000	512.3886690149625
1508000	515.6749403767191
1509000	518.854553819199
1510000	516.5241789037585
1511000	506.0807586760673
1512000	488.1753089264063
1513000	495.6413632755193
1514000	500.06666071856716
1515000	505.5625621814865
1516000	509.61254449350776
1517000	496.336652164368
1518000	496.43123560221125
1519000	493.83320968180647
1520000	504.16695336986743
1521000	499.97811452143503
1522000	504.83406846871736
1523000	511.3170587883052
1524000	505.02927258511863
1525000	488.956125392026
1526000	501.21273024735905
1527000	491.87010024310973
1528000	496.1263549461761
1529000	496.5660673114828
1530000	504.5291878126822
1531000	502.5771466486256
1532000	504.5312002262538
1533000	494.74282061598296
1534000	506.0505724725006
1535000	505.53237597791616
1536000	503.89829615811374
1537000	506.8545316941901
1538000	493.7013965928923
1539000	487.73257794074215
1540000	497.7221989081327
1541000	495.5789784548144
1542000	503.0893059024916
1543000	498.95681463405674
1544000	492.3762222562646
1545000	484.29638176793804
1546000	489.2348446716377
1547000	496.8075569400236
1548000	497.04804036178217
1549000	498.7434987955111
1550000	518.2699476767664
1551000	512.8434744820526
1552000	518.6643807367194
1553000	504.6861560712304
1554000	489.4330674084
1555000	498.33799746091785
1556000	500.4148082663844
1557000	499.39652699936346
1558000	502.0539191201194
1559000	495.01047162095455
1560000	485.6316181724201
1561000	505.3472339293692
1562000	494.64521855778236
1563000	508.82166596003003
1564000	500.7871047770535
1565000	502.1344156629651
1566000	491.9807829895258
1567000	503.39519276531627
1568000	498.19612230414566
1569000	507.26405785592647
1570000	496.1716342515261
1571000	498.582505709816
1572000	500.96520337810347
1573000	500.08074761356465
1574000	496.3809252629359
1575000	504.30077887234955
1576000	502.4463397665009
1577000	495.85769773442604
1578000	491.3005872024641
1579000	486.5945580662367
1580000	493.09867872832257
1581000	501.6443929583794
1582000	488.3503889070989
1583000	506.3614903692506
1584000	497.24022585783337
1585000	509.88723894597626
1586000	498.0129926691667
1587000	504.409449205194
1588000	501.77419363372195
1589000	504.11966165094213
1590000	490.4372617804234
1591000	502.0750494626176
1592000	496.20383286866803
1593000	500.828359255264
1594000	500.3322993099671
1595000	486.2494291387768
1596000	483.6353039097993
1597000	482.66934539562897
1598000	493.03226908047446
1599000	495.22781228663973
1600000	481.73357308502534
1601000	487.6802551878952
1602000	505.2134084268871
1603000	493.41362145221575
1604000	494.22764274175955
1605000	493.3190380143652
1606000	486.4053911905429
1607000	497.71113063348895
1608000	498.66098983909376
1609000	484.93733549036085
1610000	485.80066091240155
1611000	505.15102360617846
1612000	505.05442775476
1613000	495.0949929909434
1614000	492.23837192663933
1615000	500.974259239172
1616000	502.94038729822984
1617000	501.60011985981515
1618000	521.9476334781149
1619000	503.43745345031255
1620000	491.4696299424455
1621000	502.17768255474357
1622000	504.3792630016273
1623000	495.96838048083845
1624000	509.8902575663337
1625000	493.1791752711683
1626000	498.49395951268025
1627000	499.094664963682
1628000	482.7860653827598
1629000	496.94037623572353
1630000	492.2524588216369
1631000	494.96116748845765
1632000	493.3633111129331
1633000	503.90433339882486
1634000	490.2380328368753
1635000	501.3998847094776
1636000	496.9786120935766
1637000	500.7891171906251
1638000	500.27393931640165
1639000	486.7173152940786
1640000	507.8396081372869
1641000	491.16173066605296
1642000	509.4545700281665
1643000	498.4748415837574
1644000	497.60648512778766
1645000	512.8998220620464
1646000	500.5466213552949
1647000	491.0550727467801
1648000	479.2804409417428
1649000	511.78997597753596
1650000	495.7268908522977
1651000	499.80504695431404
1652000	499.78794143895914
1653000	478.56603412397124
1654000	505.73965457575065
1655000	505.242588423668
1656000	492.80386014014175
1657000	491.60748027207086
1658000	496.13541080724826
1659000	489.4360860287538
1660000	481.80601997358826
1661000	489.81240736656974
1662000	487.1288538693903
1663000	480.1749587741396
1664000	480.7867324997816
1665000	478.74111410466384
1666000	491.7402995677672
1667000	486.4174656719725
1668000	483.7842225140684
1669000	510.2766409720003
1670000	497.1023755282044
1671000	475.2304586297252
1672000	497.3448713635346
1673000	504.71332365444334
1674000	496.0086287522595
1675000	497.98481887916796
1676000	507.99758260262826
1677000	502.2994335757997
1678000	497.03797829392784
1679000	502.0820929101109
1680000	502.1444777308231
1681000	509.6014762188676
1682000	479.8308360534656
1683000	500.54159032136954
1684000	497.66383891456366
1685000	487.0554007740379
1686000	486.3309318884083
1687000	487.93281309107607
1688000	488.8947467781032
1689000	504.414480239123
1690000	497.6467333992124
1691000	498.32189815234506
1692000	490.0035866558315
1693000	482.7870715895456
1694000	486.9396869936965
1695000	482.94102122774007
1696000	476.9973577452312
1697000	484.609312078256
1698000	487.55850416683535
1699000	489.628271524805
1700000	501.2278233491424
1701000	488.56672336600195
1702000	491.74533060169614
1703000	494.39467306816573
1704000	502.0498942929762
1705000	492.04417401702017
1706000	498.033116804879
1707000	499.55349525791166
1708000	495.4109419216187
1709000	492.4959608637492
1710000	484.8598575678689
1711000	502.9162383353743
1712000	506.5868806892222
1713000	495.83656739192793
1714000	496.9152210660822
1715000	507.4642930062604
1716000	494.69150406991815
1717000	496.38394388328965
1718000	487.671199326823
1719000	499.0856091026135
1720000	490.8417569082308
1721000	499.45891182006477
1722000	491.7231940524122
1723000	487.6239076079014
1724000	504.34203335056003
1725000	487.9690365353612
1726000	501.1996495591473
1727000	497.26839964782846
1728000	502.9353562642972
1729000	493.6561172875386
1730000	498.8078960297876
1731000	495.62224534659646
1732000	492.50199810446765
1733000	501.9361929262028
1734000	489.1684350237859
1735000	504.8199815737198
1736000	501.0456999209492
1737000	500.928979933822
1738000	512.5677738227982
1739000	497.14161759284326
1740000	491.5370457970795
1741000	500.7599371938406
1742000	495.14027229629346
1743000	506.0223986825019
1744000	504.12268027129954
1745000	487.68226760146683
1746000	499.8322145375233
1747000	501.62929985659605
1748000	507.82451503550726
1749000	488.072675834273
1750000	501.51761090339784
1751000	486.2786091355577
1752000	505.2949111765186
1753000	499.6239297329067
1754000	498.85317533514126
1755000	504.3188905944903
1756000	489.5850046330229
1757000	495.9009646262045
1758000	492.11360228522574
1759000	490.75321071109875
1760000	499.42470078935486
1761000	486.4255153262552
1762000	500.42487033423873
1763000	489.5890294601661
1764000	499.922773148227
1765000	493.15402010152695
1766000	487.49913796648417
1767000	505.5323759779198
1768000	490.4191500582827
1769000	492.56740154552637
1770000	498.6479091508784
1771000	484.9443789378615
1772000	487.1862076561626
1773000	500.35544206603316
1774000	497.8157761391902
1775000	490.6888134768222
1776000	483.7600735512128
1777000	477.6695038780065
1778000	488.9742371141668
1779000	484.5841569086183
1780000	483.3314294605499
1781000	478.71897755538356
1782000	488.44396613815996
1783000	491.690995435274
1784000	500.640198586356
1785000	497.1053941485618
1786000	483.7268687272924
1787000	489.49847084946606
1788000	488.34636407995566
1789000	472.95441888071053
1790000	483.0416419062981
1791000	502.94642453894096
1792000	501.589051585175
1793000	484.9343168700035
1794000	485.954610550596
1795000	486.2765967219861
1796000	501.00746406309975
1797000	490.8789865592981
1798000	499.5273338814882
1799000	492.80084151978804
1800000	504.68313745088034
1801000	492.97692770726644
1802000	490.7542169178845
1803000	504.8491615705007
1804000	496.51374455862856
1805000	488.41478614137543
1806000	498.63482846266663
1807000	499.85938212073626
1808000	502.5862025096978
1809000	496.41111146649894
1810000	489.016497799163
1811000	494.2447482571145
1812000	499.37338424329005
1813000	493.6480676332559
1814000	488.910846086676
1815000	485.45251336458796
1816000	505.5857049375562
1817000	488.2869978796081
1818000	492.2091919298548
1819000	484.3265679715084
1820000	501.99656533333615
1821000	486.0019022695213
1822000	505.87146766466486
1823000	495.69469223515944
1824000	493.2365290579479
1825000	494.1914192974781
1826000	478.0357631479645
1827000	489.4199867201883
1828000	494.2377048096139
1829000	496.2098701093792
1830000	493.8734579532312
1831000	501.91506258370464
1832000	486.7042346058669
1833000	490.8286762200191
1834000	506.003280753579
1835000	497.01886036499764
1836000	481.545412416121
1837000	475.41056964434677
1838000	489.9230901129858
1839000	508.1615943086807
1840000	509.31671969854114
1841000	511.4116422261484
1842000	508.0297812197665
1843000	505.96906972286547
1844000	490.42921212613703
1845000	497.73125476920126
1846000	487.41461659649525
1847000	501.4471764284028
1848000	500.22866001104796
1849000	497.6618265009957
1850000	500.67239720349426
1851000	481.7949516989481
1852000	494.4781882313725
1853000	479.833854673823
1854000	490.73006795502897
1855000	479.08121199819834
1856000	480.46273391481986
1857000	487.4488276272088
1858000	494.0414944864232
1859000	495.2016509102126
1860000	480.4255042637526
1861000	495.9683804808421
1862000	493.08056700617817
1863000	487.87545930430014
1864000	495.0708440280879
1865000	490.9554582750043
1866000	495.6232515533786
1867000	492.92862978155534
1868000	505.7788966403896
1869000	500.0244000335709
1870000	491.35894719602584
1871000	503.89527753775633
1872000	504.98801810691185
1873000	497.36298308567535
1874000	505.27579324759205
1875000	503.86006030026067
1876000	495.99252944369397
1877000	507.4502061112629
1878000	496.6163776507618
1879000	484.70087689574547
1880000	480.4607215012519
1881000	490.8588624235894
1882000	503.39318035174466
1883000	495.7178349912255
1884000	502.5701032011287
1885000	491.1385879099796
1886000	499.74165592681965
1887000	505.2113960133155
1888000	492.213216756998
1889000	496.697880400397
1890000	496.2239570043804
1891000	496.75724660074457
1892000	493.0896228672504
1893000	497.799676830621
1894000	499.05240427868944
1895000	492.92762357476954
1896000	486.4235029126836
1897000	499.6249359396925
1898000	501.6443929583794
1899000	486.01900778487624
1900000	493.3784042147164
1901000	492.19912986200046
1902000	490.67372037503515
1903000	497.08828863320684
1904000	488.2668737438921
1905000	482.16926062318885
1906000	492.273589164135
1907000	493.91169381108426
1908000	491.5893685499301
1909000	501.8104170780034
1910000	501.3495743701985
1911000	498.42050641733516
1912000	506.42286898316974
1913000	493.8030234782361
1914000	502.1293846290398
1915000	501.38076678055467
1916000	508.2833453297332
1917000	482.94001502095426
1918000	496.5217942129186
1919000	471.94720588832973
1920000	488.09581859034273
1921000	482.8484502034647
1922000	487.3089648840082
1923000	491.8509823141832
1924000	493.0634614908269
1925000	484.3617852090004
1926000	491.8499761073974
1927000	491.32071133817277
1928000	502.5761404418398
1929000	490.30544869150924
1930000	498.34805952876854
1931000	492.19510503485725
1932000	479.91736983702606
1933000	508.28435153652265
1934000	502.99673487822
1935000	506.62511654707527
1936000	498.51810847553577
1937000	481.53333793469506
1938000	492.6951898072973
1939000	499.8523386732357
1940000	496.99471140214575
1941000	484.3949900329245
1942000	483.2338274023493
1943000	486.8340352812095
1944000	478.9322933939292
1945000	495.6836239605156
1946000	495.75103981514957
1947000	500.48021170744676
1948000	492.379240876622
1949000	480.09647464486187
1950000	498.4023946951944
1951000	491.92141678917454
1952000	504.9427388015618
1953000	492.0421616034449
1954000	510.98501054905705
1955000	499.2254718458104
1956000	498.31686711841604
1957000	499.83523315788074
1958000	501.50151159482505
1959000	495.4884198441107
1960000	490.5851741779067
1961000	483.8335266465616
1962000	497.5229699645809
1963000	495.48037018982427
1964000	492.60563740337943
1965000	499.26873873759246
1966000	504.5674236705353
1967000	494.8323730199009
1968000	489.4642598187525
1969000	494.45403926851696
1970000	485.5209354260077
1971000	482.92089709203134
1972000	498.5442698519629
1973000	500.08074761356835
1974000	497.5149203102982
1975000	487.7728262121668
1976000	496.69989281396494
1977000	511.8101001132483
1978000	502.0368136047608
1979000	507.58302540696286
1980000	499.2455959815191
1981000	502.6888356018274
1982000	511.91072079180634
1983000	507.8567136526419
1984000	498.9950504919061
1985000	494.79212474847986
1986000	495.77116395086193
1987000	494.33027583389287
1988000	492.7706553162177
1989000	489.71279289479384
1990000	490.43323695328024
1991000	481.251600034726
1992000	484.8075348150183
1993000	496.2752735504452
1994000	515.4847672942394
1995000	501.1835502505745
1996000	499.0654849668975
1997000	497.44347962852106
1998000	493.26973388187196
1999000	503.0108217732212
2000000	490.25111352509066
